22 14 120
0 14 108 30 4 12 22 12 0
3 14 70 25 4 12 24 24 0
11 14 108 19 4 12 52 12 0
0 21 108 20 3 13 22 12 0
1 15 32 30 4 30 9 2 0
1 16 32 23 5 26 9 26 0
2 0 0 28 7 12 85 0 0
4 17 383 23 2 23 51 38 0
10 17 383 20 1 23 47 38 0
5 18 56 23 4 16 10 18 0
6 12 167 22 6 16 21 16 0
7 19 0 21 8 32 68 0 0
8 13 0 21 5 14 63 45 0
9 20 162 20 6 28 32 12 0
7 12
8 12
8 27
5 24
2 12
12 25
7 18
8 26
5 23
6 43
1 17
13 72
6 16
5 14
4 12
4 30
5 26
6 23
4 16
12 32
7 28
3 13
10.0
10.0
10.0
10.0
6.0
16.0
10.0
13.0
9.0
15.0
6.0
41.0
8.0
8.0
6.0
11.0
10.0
10.0
9.0
21.0
13.0
6.0
