24 15 120
2 15 70 25 4 12 24 24 0
1 16 32 23 5 26 9 26 0
3 17 383 23 4 23 51 38 0
4 18 56 23 4 16 10 18 0
5 13 167 22 6 16 21 16 0
6 19 0 21 8 32 68 0 0
7 14 0 21 5 14 63 45 0
8 20 162 20 6 28 32 12 0
9 17 383 20 4 23 47 38 0
0 21 108 20 4 13 22 12 0
10 15 108 19 4 12 52 12 0
9 22 112 18 4 12 58 0 0
11 23 203 17 8 20 19 0 0
5 18 89 17 4 16 23 18 0
12 15 108 17 4 12 25 12 0
7 12
8 12
5 24
4 12
12 25
7 18
8 26
5 23
6 43
4 17
13 72
15 29
11 24
6 16
5 14
4 12
5 26
6 23
4 16
12 32
7 28
4 13
6 12
8 20
