33 26 120
6 20 167 22 6 12 21 16 0
14 20 0 17 6 12 21 12 0
5 20 167 14 6 12 8 16 0
6 24 89 17 4 12 23 18 0
7 25 0 21 8 24 68 0 0
17 25 125 16 10 24 55 0 0
8 21 0 21 5 11 63 45 0
9 26 162 20 6 21 32 12 0
10 23 383 20 1 18 47 38 0
10 28 112 18 1 9 58 0 0
0 27 108 20 3 10 22 12 0
18 27 69 15 3 10 26 19 0
0 30 41 17 7 8 18 0 0
14 30 41 17 8 8 40 0 0
11 22 108 19 4 9 52 12 0
13 22 108 17 4 9 25 12 0
18 22 0 14 4 9 24 20 0
12 29 203 17 8 15 19 0 0
1 29 32 14 8 15 9 10 0
15 31 0 17 6 6 36 0 0
4 32 49 17 2 15 48 33 0
3 10 71 16 1 13 24 47 0
16 0 0 16 3 9 82 0 0
19 14 56 14 8 20 34 28 0
20 14 89 14 6 20 17 28 0
21 2 0 14 5 21 45 63 0
7 12
8 12
8 27
5 24
2 12
12 25
7 18
8 26
5 23
6 43
1 17
13 72
15 29
11 24
8 26
6 8
3 14
10 37
7 32
16 44
6 16
5 14
4 12
6 23
4 16
12 32
7 28
3 13
6 12
8 20
8 10
6 8
8 19
10.0
10.0
10.0
10.0
6.0
16.0
10.0
13.0
9.0
15.0
6.0
41.0
21.0
20.0
11.0
7.0
10.0
16.0
11.0
22.0
8.0
8.0
6.0
10.0
9.0
21.0
13.0
6.0
9.0
10.0
9.0
7.0
12.0
