25 17 120
6 18 89 17 4 16 23 18 0
8 17 108 17 4 12 25 12 0
13 17 0 14 4 12 24 20 0
0 22 41 17 7 10 18 0 0
9 22 41 17 8 10 40 0 0
9 15 0 17 6 16 21 12 0
5 15 167 14 6 16 8 16 0
10 23 0 17 6 8 36 0 0
4 24 49 17 4 19 48 33 0
3 7 71 16 4 17 24 47 0
11 0 0 16 4 12 82 0 0
12 19 125 16 10 32 55 0 0
13 20 69 15 4 13 26 19 0
1 21 32 14 8 20 9 10 0
14 9 56 14 8 26 34 28 0
15 9 89 14 6 26 17 28 0
16 2 0 14 5 27 45 63 0
7 12
8 12
8 27
5 24
4 12
12 25
7 18
4 17
11 24
8 26
6 8
4 14
10 37
7 32
16 44
6 16
5 14
4 12
4 16
12 32
4 13
8 20
8 10
6 8
8 19
10
10
10
10
6
16
10
6
20
11
7
10
16
11
22
8
8
6
9
21
6
10
9
7
12
