0 24 107.06 30 4 12 21.75 12.0 0.0
3 24 107.06 25 4 12 50.67 12.0 0.0
4 24 69.71 25 4 12 23.12 23.8 0.0
12 24 107.06 19 4 12 51.14 12.0 0.0
14 24 107.06 17 4 12 24.86 12.0 0.0
20 24 0.0 14 4 12 23.08 19.1 0.0
0 31 107.06 20 3 13 21.75 12.0 0.0
20 31 68.22 15 3 13 25.08 18.78 0.0
0 34 40.51 17 7 10 17.16 0.0 0.0
15 34 40.51 17 8 10 39.5 0.0 0.0
1 25 31.01 30 4 30 8.13 2.0 0.0
1 26 31.01 23 5 26 8.13 25.08 0.0
1 33 31.01 14 8 20 8.13 9.87 0.0
13 33 202.95 17 8 20 18.33 0.0 0.0
2 0 0.0 28 7 12 84.56 0.0 0.0
17 0 0.0 16 3 12 81.16 0.0 0.0
19 0 0.0 15 7 12 38.86 0.0 0.0
4 11 70.45 16 1 17 23.12 46.78 0.0
5 27 382.07 23 2 23 50.5 37.75 0.0
11 27 382.07 20 1 23 46.78 37.75 0.0
5 36 48.82 17 2 19 47.7 32.35 0.0
6 28 55.54 23 4 16 10.0 17.13 0.0
7 28 88.59 17 4 16 22.62 17.13 0.0
6 22 166.8 14 6 16 8.0 15.35 0.0
7 22 166.8 22 6 16 20.62 15.35 0.0
15 22 0.0 17 6 16 20.22 11.25 0.0
8 29 0.0 21 8 32 67.18 0.0 0.0
18 29 124.96 16 10 32 54.06 0.0 0.0
9 23 0.0 21 5 14 62.43 44.92 0.0
10 30 161.62 20 6 28 31.35 12.0 0.0
11 32 111.73 18 1 12 57.11 0.0 0.0
16 35 0.0 17 6 8 35.88 0.0 0.0
21 15 55.54 14 8 26 34.0 27.44 0.0
22 15 88.59 14 6 26 16.35 27.44 0.0
23 2 0.0 14 5 27 44.92 62.56 0.0
