65 70 120
31 24 257 8.0 5 11 29 0 0
2 39 89 8.0 6 21 23 18 0
18 16 56 12.0 8 24 34 28 0
17 27 0 10.0 5 9 30 32 0
14 64 0 6.0 16 69 21 0 0
4 31 0 7.0 7 27 19 25 0
6 51 383 22.0 5 21 51 38 0
26 24 108 8.0 5 11 25 0 0
4 36 41 16.0 7 9 18 0 0
17 39 89 8.0 6 21 17 18 0
4 24 108 25.0 5 11 22 0 0
12 41 365 7.0 5 20 58 42 0
2 17 167 28.0 6 15 21 16 0
13 55 153 8.0 5 23 64 0 0
41 31 0 7.0 7 27 70 0 0
22 24 108 10.0 5 11 43 0 0
36 37 64 8.0 8 9 65 0 0
2 16 89 10.0 7 24 23 28 0
18 56 56 10.0 10 23 34 13 0
0 48 385 32.0 10 20 27 1 0
31 36 97 7.0 7 9 24 0 0
25 15 219 9.0 7 24 24 48 0
40 49 0 7.0 5 27 17 0 0
38 37 0 7.0 7 9 26 0 0
14 4 0 13.0 7 11 21 0 0
37 53 0 7.0 6 11 65 2 0
46 36 60 7.0 5 9 30 46 0
28 57 0 9.0 5 11 17 0 0
5 50 99 23.0 5 12 19 13 0
43 63 104 7.0 5 7 36 16 0
34 50 99 8.0 5 12 33 13 0
47 25 162 6.0 7 26 5 0 0
13 52 153 8.0 5 36 64 0 0
17 8 50 7.0 6 22 17 52 0
17 7 0 7.0 6 26 16 16 0
17 56 89 10.0 6 23 17 13 0
6 53 112 8.0 5 11 61 0 0
6 59 171 8.0 5 11 45 31 0
17 35 89 12.0 5 15 17 18 0
6 30 171 10.0 5 15 45 39 0
3 44 0 10.0 5 24 17 0 0
29 36 41 9.0 8 9 30 0 0
1 46 32 14.0 5 24 9 3 0
18 39 56 11.0 6 21 34 18 0
15 54 0 13.0 8 29 68 0 0
4 50 108 16.0 5 12 22 0 0
40 46 0 6.0 5 24 18 1 0
32 58 85 8.0 10 28 75 0 0
20 54 125 11.0 10 29 55 0 0
7 50 86 18.0 5 12 32 0 0
18 35 56 8.0 5 15 34 18 0
10 24 108 16.0 5 11 40 0 0
19 50 69 12.0 5 12 26 7 0
2 35 89 18.0 5 15 23 18 0
6 61 128 8.0 5 10 54 46 0
45 50 70 7.0 5 12 46 10 0
2 8 50 7.0 6 22 23 52 0
2 56 89 9.0 7 23 23 13 0
17 23 110 9.0 5 13 17 46 0
30 51 67 8.0 6 21 56 48 0
42 62 0 7.0 8 18 76 65 0
9 39 56 14.0 6 21 10 18 0
11 25 162 16.0 6 26 32 0 0
12 60 112 8.0 5 24 58 25 0
33 30 50 8.0 9 15 13 45 0
16 17 0 11.0 6 15 21 12 0
12 51 383 8.0 5 21 46 38 0
9 16 56 11.0 8 24 10 28 0
21 5 0 10.0 7 27 58 23 0
17 56 97 8.0 6 23 16 10 0
15 29
8 12
7 18
5 24
7 12
7 29
5 12
11 28
6 24
12 25
12 201
6 43
5 17
5 23
16 43
8 26
8 26
6 16
16 44
7 32
10 37
11 15
13 72
5 14
5 12
7 28
11 24
5 10
5 62
10 27
10 16
7 30
10 59
9 22
21 38
5 16
8 10
8 10
7 25
6 23
6 45
7 22
30 167
5 8
7 26
21 46
5 26
20 67
10 22
5 30
5 13
6 23
18 40
6 12
12 32
12 25
10 25
8 12
10 31
9 12
12 26
6 11
8 20
5 7
36 76
