73 110 120
25 6 0 13 6 18 21 0 0
14 19 53 9 5 14 21 51 0
35 8 0 8 5 23 27 15 0
4 52 383 23 5 23 51 38 0
26 55 41 13 8 10 30 0 0
28 29 257 9 5 13 40 12 0
13 29 108 8 5 13 25 12 0
45 69 60 8 5 31 52 35 0
42 68 0 9 36 76 29 29 0
13 37 108 17 5 12 25 12 0
8 41 153 8 5 51 64 0 0
19 2 0 14 5 27 45 63 0
16 37 0 9 5 12 26 21 0
30 63 89 10 5 41 70 28 0
43 4 327 9 5 12 32 0 0
19 62 0 10 5 13 45 104 0
27 43 0 12 5 30 7 0 0
48 8 48 8 5 23 27 10 0
10 64 171 10 5 12 41 31 0
1 45 32 23 5 26 9 26 0
33 31 81 8 9 12 94 8 0
3 4 71 13 5 12 24 51 0
38 20 0 9 7 10 26 0 0
45 55 60 8 5 10 52 46 0
15 60 153 11 5 25 58 0 0
21 54 162 13 7 28 32 12 0
4 58 171 13 5 42 45 35 0
10 15 365 8 5 14 58 41 0
20 25 0 13 6 12 65 2 0
19 15 0 10 5 14 45 57 0
0 29 108 20 5 13 22 12 0
2 0 0 28 7 12 85 0 0
0 14 0 9 7 26 19 41 0
33 57 0 9 6 11 71 56 0
7 54 37 8 7 28 68 12 0
7 50 125 11 8 18 68 0 0
4 64 171 9 5 12 45 31 0
13 55 41 10 8 10 20 0 0
39 44 52 9 6 18 60 39 0
19 8 0 8 5 23 45 63 0
19 2 0 12 5 27 46 64 0
23 10 91 8 5 17 19 44 0
18 24 0 11 6 30 26 33 0
1 61 34 11 7 11 9 69 0
46 35 88 8 5 32 45 30 0
3 65 0 10 5 26 17 0 0
23 56 25 10 7 19 16 36 0
1 8 75 8 5 23 36 32 0
47 43 0 8 5 30 17 0 0
4 10 52 8 5 17 30 0 0
23 37 99 9 5 12 19 26 0
9 54 162 20 6 28 32 12 0
4 57 128 13 5 11 54 46 0
5 18 167 14 6 16 8 16 0
4 33 128 9 5 13 54 60 0
15 19 0 13 5 14 57 45 0
14 18 0 17 6 16 21 12 0
24 72 0 8 7 48 25 38 0
1 27 32 14 8 20 9 10 0
22 0 0 13 7 12 21 0 0
3 10 71 16 5 17 24 47 0
24 55 97 13 7 10 24 0 0
15 66 153 9 5 40 58 0 0
8 66 153 9 5 40 64 0 0
12 40 0 8 15 38 27 0 0
17 30 56 10 5 16 34 18 0
34 14 111 9 7 26 67 1 0
44 43 0 9 5 30 15 15 0
49 33 63 8 8 13 52 73 0
35 61 0 9 5 11 52 62 0
38 61 52 8 7 11 47 47 0
12 27 203 17 8 20 19 0 0
4 25 112 13 5 12 61 0 0
28 37 257 11 5 12 40 12 0
16 29 69 15 5 13 26 19 0
5 14 56 13 8 26 10 28 0
15 0 0 16 5 12 82 0 0
20 19 0 8 5 14 57 36 0
36 59 156 9 9 16 21 39 0
40 29 99 9 5 13 33 24 0
12 54 98 12 7 28 27 12 0
4 56 49 17 5 19 48 33 0
14 37 257 10 5 12 45 12 0
3 37 70 25 5 12 24 24 0
50 29 99 8 5 13 40 24 0
16 37 0 14 5 12 24 20 0
4 71 383 8 5 89 51 38 0
4 59 171 12 5 16 45 39 0
22 11 0 8 13 72 21 29 0
25 14 0 9 6 26 21 0 0
7 53 0 21 8 32 68 0 0
10 59 171 9 5 16 41 39 0
2 14 293 10 8 26 85 1 0
0 37 108 30 5 12 22 12 0
51 70 0 8 8 59 60 58 0
29 56 39 10 5 19 24 33 0
14 55 41 17 8 10 40 0 0
31 37 0 10 5 12 40 20 0
32 37 0 10 5 12 22 20 0
6 18 167 22 6 16 21 16 0
8 19 0 21 5 14 63 45 0
11 37 108 19 5 12 52 12 0
6 14 89 9 7 26 23 28 0
41 0 0 9 7 12 30 0 0
22 24 0 9 7 30 21 0 0
43 43 0 8 5 30 9 9 0
37 64 129 8 5 12 30 31 0
10 67 112 9 5 26 58 25 0
30 55 41 10 5 10 29 0 0
31 28 69 8 8 20 28 27 0
7 12
8 12
8 27
5 24
5 12
12 25
7 18
8 26
5 23
6 43
5 17
13 72
15 29
11 24
8 26
5 14
7 32
16 44
6 16
5 14
8 10
20 67
16 43
7 29
7 30
6 12
10 27
8 20
8 20
5 13
5 16
9 12
5 10
9 13
7 22
5 32
9 22
5 12
7 25
9 26
21 38
25 51
53 60
5 30
6 18
5 26
15 26
6 45
12 54
8 20
13 18
8 12
6 23
12 32
7 28
8 10
8 19
6 11
5 42
10 16
12 25
7 11
10 13
8 41
9 12
7 26
18 40
12 26
36 76
9 31
10 59
21 89
20 48
