41 30 120
0 26 108 30 5 9 22 12 0
4 22 89 17 5 12 23 18 0
7 32 98 12 7 21 27 12 0
2 0 0 28 7 9 85 0 0
5 14 0 21 5 11 63 45 0
16 33 25 10 7 15 16 36 0
30 5 48 8 5 18 27 10 0
26 35 2642 8 5 31 39 28 0
11 26 0 14 5 9 24 20 0
14 5 0 8 5 18 45 63 0
10 37 153 9 5 30 58 0 0
14 34 0 10 5 10 45 104 0
27 39 0 9 36 57 29 29 0
17 40 0 8 7 36 25 38 0
18 4 0 13 6 14 21 0 0
29 25 88 8 5 24 45 30 0
3 22 56 23 5 12 10 18 0
12 22 56 10 5 12 34 18 0
8 21 108 8 5 10 25 12 0
13 9 89 14 6 20 17 28 0
20 21 257 9 5 10 40 12 0
6 38 112 9 5 20 58 25 0
18 9 0 9 6 20 21 0 0
15 32 162 13 7 21 32 12 0
31 24 63 8 8 10 52 73 0
1 5 75 8 5 18 36 32 0
7 19 203 17 8 15 19 0 0
6 36 171 10 5 9 41 31 0
23 26 0 10 5 9 22 20 0
28 28 0 8 5 23 9 9 0
7 12
8 12
8 27
12 25
7 18
5 23
5 17
15 29
11 24
8 26
5 14
7 32
16 44
6 16
5 14
20 67
7 29
7 30
6 12
8 20
8 20
5 13
5 16
5 10
9 13
5 32
5 12
53 60
5 30
15 26
12 54
8 20
7 28
8 19
10 13
8 41
9 12
18 40
12 26
36 76
20 48
