74 110 120
4 10 52 8 5 16 30 0 0
4 65 171 9 5 11 45 31 0
5 19 167 14 6 15 8 16 0
47 36 88 8 5 29 45 30 0
10 69 112 9 5 24 58 25 0
4 58 128 13 5 10 54 46 0
0 38 108 30 5 11 22 12 0
25 55 97 13 7 9 24 0 0
44 4 327 9 5 11 32 0 0
42 0 0 9 7 11 30 0 0
10 16 365 8 5 13 58 41 0
29 38 257 11 5 11 40 12 0
28 44 0 12 5 27 7 0 0
6 31 89 17 5 15 23 18 0
49 8 48 8 5 21 27 10 0
1 62 34 11 7 10 9 69 0
13 38 108 17 5 11 25 12 0
3 10 71 16 5 16 24 47 0
35 14 111 9 7 24 67 1 0
4 67 49 9 5 35 48 46 0
27 55 41 13 8 9 30 0 0
17 38 0 14 5 11 24 20 0
20 16 0 10 5 13 45 57 0
1 28 32 14 8 18 9 10 0
13 30 108 8 5 12 25 12 0
26 14 0 9 6 24 21 0 0
31 64 89 10 5 37 70 28 0
4 59 171 13 5 38 45 35 0
7 51 125 11 8 17 68 0 0
15 56 0 17 6 8 36 0 0
38 65 129 8 5 11 30 31 0
4 73 383 8 5 81 51 38 0
37 60 156 9 9 15 21 39 0
16 20 0 13 5 13 57 45 0
25 38 257 9 5 11 29 12 0
2 14 293 10 8 24 85 1 0
3 38 70 25 5 11 24 24 0
0 14 0 9 7 24 19 41 0
10 26 112 18 5 11 58 0 0
19 14 89 14 6 24 17 28 0
32 38 0 10 5 11 40 20 0
36 8 0 8 5 21 27 15 0
24 57 25 10 7 18 16 36 0
24 10 91 8 5 16 19 44 0
34 32 81 8 9 11 94 8 0
0 55 41 17 7 9 18 0 0
16 61 153 11 5 23 58 0 0
19 25 0 11 6 27 26 33 0
11 38 108 19 5 11 52 12 0
17 38 0 9 5 11 26 21 0
10 60 171 9 5 15 41 39 0
24 30 99 13 5 12 19 24 0
41 30 99 9 5 12 33 24 0
8 20 0 21 5 13 63 45 0
1 8 75 8 5 21 36 32 0
5 31 56 23 5 15 10 18 0
4 57 49 17 5 18 48 33 0
4 60 171 12 5 15 45 39 0
16 71 122 9 5 15 16 11 0
12 41 0 8 15 35 27 0 0
34 32 42 10 9 11 89 11 0
43 70 0 9 36 69 29 29 0
4 34 128 9 5 12 54 60 0
0 30 108 20 5 12 22 12 0
48 44 0 8 5 27 17 0 0
20 63 0 10 5 12 45 104 0
23 0 0 13 7 11 21 0 0
6 19 167 22 6 15 21 16 0
7 54 37 8 7 26 68 12 0
26 6 0 13 6 17 21 0 0
20 2 0 12 5 25 46 64 0
16 0 0 16 5 11 82 0 0
4 26 112 13 5 11 61 0 0
14 55 41 17 8 9 40 0 0
22 54 162 13 7 26 32 12 0
51 30 99 8 5 12 40 24 0
10 53 383 20 5 21 47 38 0
3 66 0 10 5 24 17 0 0
9 54 162 20 6 26 32 12 0
24 38 99 9 5 11 19 26 0
14 38 257 10 5 11 45 12 0
45 44 0 9 5 27 15 15 0
3 4 71 13 5 11 24 51 0
16 68 153 9 5 36 58 0 0
20 8 0 8 5 21 45 63 0
8 61 153 11 5 23 64 0 0
44 44 0 8 5 27 9 9 0
50 34 63 8 8 12 52 73 0
8 68 153 9 5 36 64 0 0
18 14 56 14 8 24 34 28 0
39 21 0 9 7 9 26 0 0
14 19 0 17 6 15 21 12 0
33 38 0 10 5 11 22 20 0
23 25 0 9 7 27 21 0 0
39 62 52 8 7 10 47 47 0
8 42 153 8 5 46 64 0 0
52 72 0 8 8 54 60 58 0
1 46 32 23 5 24 9 26 0
12 54 98 12 7 26 27 12 0
18 31 56 10 5 15 34 18 0
5 14 56 13 8 24 10 28 0
6 14 89 9 7 24 23 28 0
40 45 52 9 6 17 60 39 0
12 28 203 17 8 18 19 0 0
32 29 69 8 8 18 28 27 0
4 53 383 23 5 21 51 38 0
10 65 171 10 5 11 41 31 0
20 2 0 14 5 25 45 63 0
34 58 0 9 6 10 71 56 0
38 53 371 9 5 21 25 38 0
7 12
8 12
8 27
5 24
5 12
12 25
7 18
8 26
5 23
6 43
5 17
13 72
15 29
11 24
8 26
6 8
5 14
7 32
16 44
6 16
5 14
8 10
20 67
16 43
7 29
7 30
6 12
10 27
8 20
8 20
5 13
5 16
9 12
5 10
9 13
7 22
5 32
9 22
5 12
7 25
9 26
21 38
25 51
53 60
5 30
6 18
5 26
15 26
6 45
12 54
8 20
13 18
8 12
6 23
7 28
8 10
6 8
8 19
6 11
5 42
10 16
12 25
7 11
10 13
8 41
9 12
7 26
21 38
18 40
12 26
36 76
6 16
10 59
21 89
