59 70 120
4 9 52 8 5 16 30 0 0
4 53 171 9 5 11 45 31 0
5 17 167 14 6 15 8 16 0
38 31 88 8 5 29 45 30 0
9 55 112 9 5 24 58 25 0
4 46 128 13 5 10 54 46 0
0 33 108 30 5 11 22 12 0
21 43 97 13 7 9 24 0 0
37 4 327 9 5 11 32 0 0
35 0 0 9 7 11 30 0 0
9 15 365 8 5 13 58 41 0
25 33 257 11 5 11 40 12 0
24 37 0 12 5 27 7 0 0
6 27 89 17 5 15 23 18 0
40 8 48 8 5 21 27 10 0
1 50 34 11 7 10 9 69 0
12 33 108 17 5 11 25 12 0
3 9 71 16 5 16 24 47 0
30 13 111 9 7 24 67 1 0
4 54 49 9 5 35 48 46 0
23 43 41 13 8 9 30 0 0
16 33 0 14 5 11 24 20 0
18 15 0 10 5 13 45 57 0
1 24 32 14 8 18 9 10 0
12 26 108 8 5 12 25 12 0
22 13 0 9 6 24 21 0 0
27 52 89 10 5 37 70 28 0
4 47 171 13 5 38 45 35 0
7 41 125 11 8 17 68 0 0
14 44 0 17 6 8 36 0 0
33 53 129 8 5 11 30 31 0
4 58 383 8 5 81 51 38 0
32 48 156 9 9 15 21 39 0
15 18 0 13 5 13 57 45 0
21 33 257 9 5 11 29 12 0
2 13 293 10 8 24 85 1 0
3 33 70 25 5 11 24 24 0
0 13 0 9 7 24 19 41 0
9 22 112 18 5 11 58 0 0
17 13 89 14 6 24 17 28 0
28 33 0 10 5 11 40 20 0
31 8 0 8 5 21 27 15 0
20 45 25 10 7 18 16 36 0
20 9 91 8 5 16 19 44 0
29 28 81 8 9 11 94 8 0
0 43 41 17 7 9 18 0 0
15 49 153 11 5 23 58 0 0
17 21 0 11 6 27 26 33 0
10 33 108 19 5 11 52 12 0
16 33 0 9 5 11 26 21 0
9 48 171 9 5 15 41 39 0
20 26 99 13 5 12 19 24 0
34 26 99 9 5 12 33 24 0
8 18 0 21 5 13 63 45 0
1 8 75 8 5 21 36 32 0
5 27 56 23 5 15 10 18 0
4 45 49 17 5 18 48 33 0
4 48 171 12 5 15 45 39 0
15 57 122 9 5 15 16 11 0
11 34 0 8 15 35 27 0 0
29 28 42 10 9 11 89 11 0
36 56 0 9 36 69 29 29 0
4 29 128 9 5 12 54 60 0
0 26 108 20 5 12 22 12 0
39 37 0 8 5 27 17 0 0
18 51 0 10 5 12 45 104 0
19 0 0 13 7 11 21 0 0
6 17 167 22 6 15 21 16 0
7 42 37 8 7 26 68 12 0
22 6 0 13 6 17 21 0 0
7 12
8 12
8 27
5 24
5 12
12 25
7 18
8 26
5 23
5 17
13 72
15 29
11 24
8 26
6 8
5 14
7 32
6 16
5 14
16 43
7 29
7 30
6 12
10 27
8 20
8 20
5 13
5 16
9 12
9 13
7 22
5 32
9 22
5 12
21 38
25 51
53 60
5 30
15 26
6 45
12 54
13 18
7 28
8 10
6 8
8 19
6 11
5 42
10 16
12 25
7 11
10 13
8 41
9 12
21 38
12 26
36 76
6 16
21 89
