79 131 120
0 39 108 30 5 12 22 12 0
1 45 32 30 5 30 9 2 0
2 0 0 28 7 12 85 0 0
3 39 70 25 5 12 24 24 0
1 48 32 23 5 26 9 26 0
4 55 383 23 5 23 51 38 0
5 32 56 23 5 16 10 18 0
6 20 167 22 6 16 21 16 0
7 56 0 21 8 32 68 0 0
8 21 0 21 5 14 63 45 0
9 57 162 20 6 28 32 12 0
10 55 383 20 5 23 47 38 0
0 31 108 20 5 13 22 12 0
11 39 108 19 5 12 52 12 0
10 27 112 18 5 12 58 0 0
12 29 203 17 8 20 19 0 0
6 32 89 17 5 16 23 18 0
13 39 108 17 5 12 25 12 0
0 58 41 17 7 10 18 0 0
14 20 0 17 6 16 21 12 0
15 59 0 17 6 8 36 0 0
4 60 49 17 5 19 48 33 0
14 58 41 17 8 10 40 0 0
3 10 71 16 5 17 24 47 0
16 0 0 16 5 12 82 0 0
17 56 125 16 10 32 55 0 0
18 31 69 15 5 13 26 19 0
1 29 32 14 8 20 9 10 0
19 14 56 14 8 26 34 28 0
20 14 89 14 6 26 17 28 0
18 39 0 14 5 12 24 20 0
21 2 0 14 5 27 45 63 0
5 20 167 14 6 16 8 16 0
22 27 0 13 6 12 65 2 0
4 61 128 13 5 11 54 46 0
23 57 162 13 7 28 32 12 0
24 0 0 13 7 12 21 0 0
25 31 99 13 5 13 19 24 0
16 21 0 13 5 14 57 45 0
26 58 97 13 7 10 24 0 0
3 4 71 13 5 12 24 51 0
4 27 112 13 5 12 61 0 0
27 6 0 13 6 18 21 0 0
5 14 56 13 8 26 10 28 0
28 58 41 13 8 10 30 0 0
4 62 171 13 5 42 45 35 0
29 45 0 12 5 30 7 0 0
4 63 171 12 5 16 45 39 0
21 2 0 12 5 27 46 64 0
12 57 98 12 7 28 27 12 0
8 64 153 11 5 25 64 0 0
1 65 34 11 7 11 9 69 0
30 39 257 11 5 12 40 12 0
20 26 0 11 6 30 26 33 0
16 64 153 11 5 25 58 0 0
7 53 125 11 8 18 68 0 0
21 66 0 10 5 13 45 104 0
31 60 39 10 5 19 24 33 0
21 16 0 10 5 14 45 57 0
32 67 89 10 5 41 70 28 0
2 14 293 10 8 26 85 1 0
33 39 0 10 5 12 40 20 0
13 58 41 10 8 10 20 0 0
34 39 0 10 5 12 22 20 0
35 33 42 10 9 12 89 11 0
25 60 25 10 7 19 16 36 0
10 68 171 10 5 12 41 31 0
3 69 0 10 5 26 17 0 0
32 58 41 10 5 10 29 0 0
19 32 56 10 5 16 34 18 0
14 39 257 10 5 12 45 12 0
26 39 257 9 5 12 29 12 0
4 70 49 9 5 38 48 46 0
0 14 0 9 7 26 19 41 0
36 14 111 9 7 26 67 1 0
30 31 257 9 5 13 40 12 0
2 21 0 9 5 14 63 45 0
37 65 0 9 5 11 52 62 0
16 71 153 9 5 40 58 0 0
14 20 0 9 6 16 26 16 0
14 21 53 9 5 14 21 51 0
10 63 171 9 5 16 41 39 0
18 39 0 9 5 12 26 21 0
38 63 156 9 9 16 21 39 0
39 55 371 9 5 23 25 38 0
40 22 0 9 7 10 26 0 0
6 14 89 9 7 26 23 28 0
10 72 112 9 5 26 58 25 0
27 14 0 9 6 26 21 0 0
41 46 52 9 6 18 60 39 0
4 35 128 9 5 13 54 60 0
35 61 0 9 6 11 71 56 0
25 39 99 9 5 12 19 26 0
4 68 171 9 5 12 45 31 0
24 26 0 9 7 30 21 0 0
42 31 99 9 5 13 33 24 0
43 0 0 9 7 12 30 0 0
44 73 0 9 36 76 29 29 0
45 4 327 9 5 12 32 0 0
46 45 0 9 5 30 15 15 0
8 71 153 9 5 40 64 0 0
16 74 122 9 5 16 16 11 0
13 31 108 8 5 13 25 12 0
12 42 0 8 15 38 27 0 0
21 8 0 8 5 23 45 63 0
45 45 0 8 5 30 9 9 0
39 67 2642 8 5 41 39 28 0
39 68 129 8 5 12 30 31 0
22 21 0 8 5 14 57 36 0
47 75 63 8 9 31 25 46 0
48 75 60 8 5 31 52 35 0
48 58 60 8 5 10 52 46 0
49 37 88 8 5 32 45 30 0
50 45 0 8 5 30 17 0 0
10 16 365 8 5 14 58 41 0
4 10 52 8 5 17 30 0 0
51 8 48 8 5 23 27 10 0
24 11 0 8 13 72 21 29 0
35 33 81 8 9 12 94 8 0
33 30 69 8 8 20 28 27 0
52 35 63 8 8 13 52 73 0
7 57 37 8 7 28 68 12 0
1 8 75 8 5 23 36 32 0
53 31 99 8 5 13 40 24 0
25 10 91 8 5 17 19 44 0
54 76 0 8 8 59 60 58 0
8 43 153 8 5 51 64 0 0
40 65 52 8 7 11 47 47 0
37 8 0 8 5 23 27 15 0
4 77 383 8 5 89 51 38 0
26 78 0 8 7 48 25 38 0
7 12
8 12
8 27
5 24
5 12
12 25
7 18
8 26
5 23
6 43
5 17
13 72
15 29
11 24
8 26
6 8
5 14
10 37
7 32
16 44
6 16
5 14
8 10
20 67
16 43
7 29
7 30
6 12
10 27
8 20
8 20
5 13
5 16
9 12
5 10
9 13
7 22
5 32
9 22
5 12
7 25
9 26
21 38
25 51
53 60
5 30
6 18
13 24
5 26
15 26
6 45
12 54
8 20
13 18
8 12
6 23
12 32
7 28
8 10
6 8
8 19
6 11
5 42
10 16
12 25
7 11
10 13
8 41
9 12
7 26
21 38
18 40
12 26
36 76
6 16
9 31
10 59
21 89
20 48
