76 110 120
18 7 56 10 6 24 28 52 0
29 18 0 9 6 26 21 0 0
15 35 108 19 5 12 43 0 0
33 50 0 11 8 20 76 65 0
28 58 97 13 7 10 24 0 0
46 46 0 8 5 30 9 9 0
47 46 0 9 5 30 15 15 0
13 24 0 21 5 14 63 45 0
18 24 53 9 5 14 21 51 0
11 18 89 9 7 26 23 28 0
10 38 56 23 5 16 10 18 0
4 35 108 25 5 12 40 0 0
18 23 0 9 6 16 26 16 0
22 35 0 14 5 12 24 8 0
5 13 0 9 5 23 74 63 0
35 54 371 9 5 23 13 38 0
14 19 365 8 5 14 58 41 0
20 55 125 16 10 32 55 0 0
45 71 0 9 36 76 29 0 0
9 59 49 17 5 19 48 33 0
27 36 99 13 5 13 19 13 0
12 51 125 11 8 18 68 0 0
4 13 85 8 5 23 33 54 0
35 64 183 11 5 17 27 25 0
16 18 56 14 8 26 34 28 0
17 58 41 10 8 10 20 0 0
25 29 0 13 6 12 65 2 0
18 23 0 17 6 16 21 12 0
5 53 0 20 9 40 75 0 0
2 13 75 8 5 23 36 32 0
26 15 0 8 13 72 21 20 0
50 40 63 8 8 13 52 73 0
30 29 112 8 6 12 71 0 0
5 24 0 25 5 14 74 45 0
18 35 257 10 5 12 45 0 0
14 67 171 10 5 12 41 31 0
27 59 25 10 7 19 16 36 0
13 53 153 9 5 40 64 0 0
27 35 99 9 5 12 19 14 0
9 60 128 13 5 11 54 46 0
6 9 71 13 5 12 24 51 0
31 58 41 13 8 10 30 0 0
40 60 0 9 6 11 71 56 0
2 32 32 14 8 20 9 10 0
29 11 0 13 6 18 21 0 0
10 8 167 14 11 28 8 16 0
4 36 108 10 5 13 40 0 0
6 14 71 16 5 17 24 46 0
1 36 108 20 5 13 22 0 0
10 18 56 13 8 26 10 28 0
46 9 327 9 5 12 32 0 0
36 59 39 10 5 19 13 33 0
13 44 153 8 5 51 64 0 0
11 23 167 22 6 16 21 16 0
40 39 42 10 9 12 89 11 0
38 58 41 10 5 10 29 0 0
7 57 0 17 6 25 52 0 0
1 74 135 8 7 74 22 11 0
0 43 0 8 15 38 27 0 0
0 56 98 12 7 28 27 0 0
26 28 0 9 7 30 21 0 0
14 54 383 20 5 23 46 38 0
12 56 37 8 7 28 68 0 0
16 38 56 10 5 16 34 18 0
9 69 49 9 5 38 48 46 0
12 55 0 21 8 32 68 0 0
22 35 0 9 5 12 26 9 0
10 23 167 14 6 16 8 16 0
6 68 0 10 5 26 17 0 0
21 1 0 15 7 12 39 0 0
32 64 60 8 6 17 34 35 0
19 4 205 8 5 201 82 19 0
35 66 2642 8 5 41 27 28 0
37 13 0 8 5 23 27 15 0
21 72 0 9 16 27 39 0 0
14 29 112 18 5 12 58 0 0
7 44 0 8 6 51 52 0 0
2 46 32 30 5 30 9 2 0
34 35 257 11 5 12 40 0 0
48 58 60 8 5 10 30 46 0
6 35 70 25 5 12 24 12 0
39 35 0 10 5 12 40 8 0
0 52 385 31 10 22 27 1 0
42 63 52 8 7 11 47 47 0
24 65 0 10 5 13 45 104 0
16 62 56 12 10 25 34 13 0
9 29 112 13 5 12 61 0 0
40 39 81 8 9 12 94 8 0
41 18 111 9 7 26 67 1 0
23 7 50 14 6 24 17 52 0
9 61 171 12 5 16 45 39 0
19 57 153 11 5 25 58 0 0
49 13 48 8 5 23 27 10 0
14 70 112 9 5 26 58 25 0
9 40 128 9 5 13 54 60 0
44 1 0 9 7 12 30 0 0
14 61 171 9 5 16 41 39 0
9 54 383 23 5 23 51 38 0
19 1 0 16 5 12 82 0 0
18 58 41 17 8 10 40 0 0
2 73 34 8 8 42 9 67 0
8 35 86 15 5 12 32 0 0
3 18 293 10 8 26 85 1 0
51 36 99 8 5 13 40 13 0
28 75 0 8 7 48 25 24 0
1 58 41 17 7 10 18 0 0
34 36 257 9 5 13 40 0 0
0 32 203 17 8 20 19 0 0
37 63 0 9 5 11 52 62 0
13 57 153 11 5 25 64 0 0
15 29
7 12
8 12
8 27
12 201
9 23
5 24
6 24
11 28
5 12
12 25
7 18
8 26
5 23
5 17
13 72
16 44
11 24
8 26
5 14
10 37
64 92
7 32
6 16
5 14
8 10
16 43
7 29
7 30
6 12
11 28
10 27
8 20
30 167
8 20
5 12
5 13
5 32
5 16
9 12
9 13
7 22
7 25
21 38
25 51
53 60
5 30
6 18
5 26
12 54
8 20
13 18
10 22
18 40
6 23
12 32
7 28
12 25
8 10
8 19
6 11
10 16
10 25
7 11
6 17
10 13
8 41
9 12
7 26
21 38
12 26
36 76
16 27
11 42
41 74
20 48
