75 110 120
0 38 108 30 5 9 22 12 0
6 32 89 17 5 12 23 18 0
12 55 98 12 7 21 27 12 0
2 0 0 28 7 9 85 0 0
8 21 0 21 5 11 63 45 0
25 58 25 10 7 15 16 36 0
49 8 48 8 5 18 27 10 0
38 63 2642 8 5 31 39 28 0
18 38 0 14 5 9 24 20 0
21 8 0 8 5 18 45 63 0
16 67 153 9 5 30 58 0 0
21 62 0 10 5 10 45 104 0
43 69 0 9 36 57 29 29 0
26 74 0 8 7 36 25 38 0
27 6 0 13 6 14 21 0 0
47 36 88 8 5 24 45 30 0
5 32 56 23 5 12 10 18 0
19 32 56 10 5 12 34 18 0
13 31 108 8 5 10 25 12 0
20 14 89 14 6 20 17 28 0
30 31 257 9 5 10 40 12 0
10 68 112 9 5 20 58 25 0
27 14 0 9 6 20 21 0 0
23 55 162 13 7 21 32 12 0
50 35 63 8 8 10 52 73 0
1 8 75 8 5 18 36 32 0
12 29 203 17 8 15 19 0 0
10 64 171 10 5 9 41 31 0
34 38 0 10 5 9 22 20 0
44 44 0 8 5 23 9 9 0
14 56 41 17 8 8 40 0 0
4 58 49 17 5 15 48 33 0
18 31 69 15 5 10 26 19 0
30 38 257 11 5 9 40 12 0
8 42 153 8 5 39 64 0 0
19 14 56 14 8 20 34 28 0
16 60 153 11 5 19 58 0 0
24 0 0 13 7 9 21 0 0
1 61 34 11 7 9 9 69 0
13 56 41 10 8 8 20 0 0
26 56 97 13 7 8 24 0 0
0 14 0 9 7 20 19 41 0
2 14 293 10 8 20 85 1 0
38 64 129 8 5 9 30 31 0
15 57 0 17 6 6 36 0 0
21 16 0 10 5 11 45 57 0
24 26 0 9 7 23 21 0 0
6 14 89 9 7 20 23 28 0
48 44 0 8 5 23 17 0 0
10 53 383 20 5 18 47 38 0
4 27 112 13 5 9 61 0 0
21 2 0 14 5 21 45 63 0
52 72 0 8 8 45 60 58 0
25 10 91 8 5 13 19 44 0
10 16 365 8 5 11 58 41 0
46 71 60 8 5 24 52 35 0
37 59 156 9 9 12 21 39 0
4 64 171 9 5 9 45 31 0
39 22 0 9 7 8 26 0 0
29 44 0 12 5 23 7 0 0
4 59 171 12 5 12 45 39 0
33 30 69 8 8 15 28 27 0
35 33 81 8 9 9 94 8 0
33 38 0 10 5 9 40 20 0
0 56 41 17 7 8 18 0 0
8 67 153 9 5 30 64 0 0
4 10 52 8 5 13 30 0 0
36 61 0 9 5 9 52 62 0
16 21 0 13 5 11 57 45 0
17 54 125 16 10 24 55 0 0
14 20 0 17 6 12 21 12 0
24 11 0 8 13 54 21 29 0
4 66 49 9 5 29 48 46 0
32 56 41 10 5 8 29 0 0
7 54 0 21 8 24 68 0 0
3 38 70 25 5 9 24 24 0
46 56 60 8 5 8 52 46 0
32 63 89 10 5 31 70 28 0
8 60 153 11 5 19 64 0 0
51 31 99 8 5 10 40 24 0
20 26 0 11 6 23 26 33 0
4 53 383 23 5 18 51 38 0
4 35 128 9 5 10 54 60 0
3 4 71 13 5 9 24 51 0
45 44 0 9 5 23 15 15 0
44 4 327 9 5 9 32 0 0
39 61 52 8 7 9 47 47 0
6 20 167 22 6 12 21 16 0
10 27 112 18 5 9 58 0 0
28 56 41 13 8 8 30 0 0
41 31 99 9 5 10 33 24 0
31 58 39 10 5 15 24 33 0
9 55 162 20 6 21 32 12 0
40 45 52 9 6 14 60 39 0
16 70 122 9 5 12 16 11 0
1 29 32 14 8 15 9 10 0
3 10 71 16 5 13 24 47 0
42 0 0 9 7 9 30 0 0
14 20 0 9 6 12 26 16 0
35 33 42 10 9 9 89 11 0
5 14 56 13 8 20 10 28 0
14 38 257 10 5 9 45 12 0
3 65 0 10 5 20 17 0 0
13 38 108 17 5 9 25 12 0
7 55 37 8 7 21 68 12 0
4 73 383 8 5 67 51 38 0
36 8 0 8 5 18 27 15 0
38 53 371 9 5 18 25 38 0
12 41 0 8 15 29 27 0 0
25 31 99 13 5 10 19 24 0
7 12
8 12
8 27
5 24
5 12
12 25
7 18
8 26
5 23
6 43
5 17
13 72
15 29
11 24
8 26
6 8
5 14
10 37
7 32
16 44
6 16
5 14
8 10
20 67
16 43
7 29
7 30
6 12
10 27
8 20
8 20
5 13
5 16
9 12
5 10
9 13
5 32
9 22
5 12
7 25
9 26
21 38
25 51
53 60
5 30
6 18
5 26
15 26
6 45
12 54
8 20
13 18
8 12
6 23
12 32
7 28
8 10
6 8
8 19
10 16
12 25
7 11
10 13
8 41
9 12
7 26
21 38
18 40
12 26
36 76
6 16
9 31
10 59
21 89
20 48
