62 70 120
0 33 108 30 5 9 22 12 0
5 27 89 17 5 12 23 18 0
8 46 98 12 7 21 27 12 0
2 0 0 28 7 9 85 0 0
6 17 0 21 5 11 63 45 0
21 49 25 10 7 15 16 36 0
41 6 48 8 5 18 27 10 0
33 54 2642 8 5 31 39 28 0
14 33 0 14 5 9 24 20 0
17 6 0 8 5 18 45 63 0
12 56 153 9 5 30 58 0 0
17 53 0 10 5 10 45 104 0
36 58 0 9 36 57 29 29 0
22 61 0 8 7 36 25 38 0
23 5 0 13 6 14 21 0 0
39 31 88 8 5 24 45 30 0
4 27 56 23 5 12 10 18 0
15 27 56 10 5 12 34 18 0
9 26 108 8 5 10 25 12 0
16 10 89 14 6 20 17 28 0
25 26 257 9 5 10 40 12 0
7 57 112 9 5 20 58 25 0
23 10 0 9 6 20 21 0 0
19 46 162 13 7 21 32 12 0
42 30 63 8 8 10 52 73 0
1 6 75 8 5 18 36 32 0
8 24 203 17 8 15 19 0 0
7 55 171 10 5 9 41 31 0
29 33 0 10 5 9 22 20 0
37 37 0 8 5 23 9 9 0
10 47 41 17 8 8 40 0 0
3 49 49 17 5 15 48 33 0
14 26 69 15 5 10 26 19 0
25 33 257 11 5 9 40 12 0
6 35 153 8 5 39 64 0 0
15 10 56 14 8 20 34 28 0
12 51 153 11 5 19 58 0 0
20 0 0 13 7 9 21 0 0
1 52 34 11 7 9 9 69 0
9 47 41 10 8 8 20 0 0
22 47 97 13 7 8 24 0 0
0 10 0 9 7 20 19 41 0
2 10 293 10 8 20 85 1 0
33 55 129 8 5 9 30 31 0
11 48 0 17 6 6 36 0 0
17 12 0 10 5 11 45 57 0
20 22 0 9 7 23 21 0 0
5 10 89 9 7 20 23 28 0
40 37 0 8 5 23 17 0 0
7 44 383 20 5 18 47 38 0
3 23 112 13 5 9 61 0 0
17 2 0 14 5 21 45 63 0
43 60 0 8 8 45 60 58 0
21 7 91 8 5 13 19 44 0
7 12 365 8 5 11 58 41 0
38 59 60 8 5 24 52 35 0
32 50 156 9 9 12 21 39 0
3 55 171 9 5 9 45 31 0
34 18 0 9 7 8 26 0 0
24 37 0 12 5 23 7 0 0
3 50 171 12 5 12 45 39 0
28 25 69 8 8 15 28 27 0
30 28 81 8 9 9 94 8 0
28 33 0 10 5 9 40 20 0
0 47 41 17 7 8 18 0 0
6 56 153 9 5 30 64 0 0
3 7 52 8 5 13 30 0 0
31 52 0 9 5 9 52 62 0
12 17 0 13 5 11 57 45 0
13 45 125 16 10 24 55 0 0
7 12
8 12
8 27
5 12
12 25
7 18
5 23
5 17
15 29
11 24
8 26
6 8
5 14
10 37
7 32
16 44
6 16
5 14
8 10
20 67
16 43
7 29
7 30
6 12
8 20
8 20
5 13
5 16
9 12
5 10
9 13
5 32
9 22
5 12
7 25
25 51
53 60
5 30
5 26
15 26
6 45
12 54
8 20
8 12
6 23
12 32
7 28
8 10
6 8
8 19
10 16
12 25
7 11
10 13
8 41
9 12
18 40
12 26
36 76
9 31
10 59
20 48
