83 110 120
37 27 257 8 5 11 29 0 0
2 49 89 8 6 21 23 18 0
21 19 56 12 8 24 34 28 0
20 32 0 10 5 9 30 32 0
17 82 0 6 16 69 21 0 0
4 37 0 7 7 27 19 25 0
6 65 383 22 5 21 51 38 0
31 27 108 8 5 11 25 0 0
4 44 41 16 7 9 18 0 0
20 49 89 8 6 21 17 18 0
4 27 108 25 5 11 22 0 0
14 54 365 7 5 20 58 42 0
2 20 167 28 6 15 21 16 0
15 69 153 8 5 23 64 0 0
54 37 0 7 7 27 70 0 0
25 27 108 10 5 11 43 0 0
44 45 64 8 8 9 65 0 0
2 19 89 10 7 24 23 28 0
21 70 56 10 10 23 34 13 0
0 62 385 32 10 20 27 1 0
37 44 97 7 7 9 24 0 0
30 18 219 9 7 24 24 48 0
50 63 0 7 5 27 17 0 0
48 45 0 7 7 9 26 0 0
17 4 0 13 7 11 21 0 0
45 67 0 7 6 11 65 2 0
59 44 60 7 5 9 30 46 0
33 71 0 9 5 11 17 0 0
5 64 99 23 5 12 19 13 0
56 80 104 7 5 7 36 16 0
40 64 99 8 5 12 33 13 0
61 30 162 6 7 26 5 0 0
15 66 153 8 5 36 64 0 0
20 9 50 7 6 22 17 52 0
20 7 0 7 6 26 16 16 0
20 70 89 10 6 23 17 13 0
6 67 112 8 5 11 61 0 0
6 73 171 8 5 11 45 31 0
20 41 89 12 5 15 17 18 0
6 36 171 10 5 15 45 39 0
3 57 0 10 5 24 17 0 0
34 44 41 9 8 9 30 0 0
1 59 32 14 5 24 9 3 0
21 49 56 11 6 21 34 18 0
18 68 0 13 8 29 68 0 0
4 64 108 16 5 12 22 0 0
50 59 0 6 5 24 18 1 0
38 72 85 8 10 28 75 0 0
23 68 125 11 10 29 55 0 0
7 64 86 18 5 12 32 0 0
21 41 56 8 5 15 34 18 0
12 27 108 16 5 11 40 0 0
22 64 69 12 5 12 26 7 0
2 41 89 18 5 15 23 18 0
6 75 128 8 5 10 54 46 0
58 64 70 7 5 12 46 10 0
2 9 50 7 6 22 23 52 0
2 70 89 9 7 23 23 13 0
20 26 110 9 5 13 17 46 0
36 65 67 8 6 21 56 48 0
55 79 0 7 8 18 76 65 0
11 49 56 14 6 21 10 18 0
13 30 162 16 6 26 32 0 0
14 74 112 8 5 24 58 25 0
39 36 50 8 9 15 13 45 0
19 20 0 11 6 15 21 12 0
14 65 383 8 5 21 46 38 0
11 19 56 11 8 24 10 28 0
24 5 0 10 7 27 58 23 0
20 70 97 8 6 23 16 10 0
19 44 41 12 8 9 40 0 0
2 7 167 7 7 26 21 16 0
25 77 0 7 13 60 32 8 0
16 78 69 7 8 18 28 27 0
25 64 108 8 5 12 43 0 0
11 20 167 16 6 15 8 16 0
5 27 99 10 5 11 19 14 0
3 6 71 9 5 11 24 51 0
35 13 27 7 5 39 79 11 0
26 15 0 10 5 21 45 63 0
20 37 0 7 6 27 26 33 0
26 10 0 7 5 25 46 64 0
42 53 42 8 5 24 96 9 0
3 27 70 25 5 11 24 12 0
11 7 167 7 11 26 8 16 0
10 4 0 18 7 11 85 0 0
16 2 0 13 7 17 66 60 0
43 64 70 8 5 12 27 10 0
10 37 0 6 7 27 85 0 0
31 44 41 8 8 9 20 0 0
8 66 153 6 5 36 58 0 0
8 69 153 7 5 23 58 0 0
18 76 125 7 8 17 68 0 0
21 20 0 7 6 15 33 16 0
1 28 32 10 8 18 9 10 0
26 10 0 9 5 25 45 63 0
28 81 60 7 8 28 34 35 0
51 42 190 7 5 24 22 10 0
46 63 0 7 5 27 15 15 0
47 30 137 7 7 26 70 0 0
0 30 98 20 7 26 27 0 0
52 72 85 7 5 28 76 0 0
53 42 137 7 5 24 31 76 0
14 67 112 15 5 11 58 0 0
12 44 41 11 8 9 35 0 0
17 37 0 9 7 27 21 0 0
15 10 0 7 5 25 64 64 0
60 44 41 7 8 9 31 0 0
29 66 153 7 10 36 105 0 0
16 27 0 9 5 11 40 8 0
15 29
8 12
7 18
5 24
7 12
7 29
5 12
11 28
5 14
6 24
8 27
12 25
12 201
6 43
5 17
5 23
9 12
16 43
8 26
8 26
6 16
16 44
7 32
10 37
11 15
13 72
5 14
5 12
8 20
10 13
7 28
11 24
5 10
5 62
10 27
5 42
10 16
7 30
10 59
9 22
21 38
5 16
5 26
21 72
8 10
8 10
6 18
14 28
7 25
6 23
6 45
212 212
5 24
9 26
7 22
30 167
5 8
7 26
21 46
5 26
20 246
20 67
10 22
5 30
5 13
6 23
18 40
6 12
12 32
12 25
10 25
8 12
10 31
9 12
12 26
6 11
13 18
19 66
8 20
8 20
5 7
9 31
36 76
