40 30 120
5 37 49 9 5 29 48 46 0
14 22 0 9 5 9 26 9 0
0 31 385 31 10 17 27 1 0
5 17 112 13 5 9 61 0 0
2 1 0 28 7 9 85 0 0
20 30 0 11 8 15 76 65 0
9 24 56 10 5 12 34 18 0
16 7 0 8 5 18 45 63 0
2 39 0 9 8 140 85 0 0
15 3 50 14 6 18 17 52 0
12 39 0 8 5 140 82 0 0
12 16 0 13 5 11 57 45 0
11 16 53 9 5 11 21 51 0
19 35 0 12 9 19 36 68 0
28 36 60 8 5 13 30 35 0
26 11 111 9 7 20 67 1 0
22 36 183 11 5 13 27 25 0
5 25 128 9 5 10 54 60 0
18 4 89 8 11 21 35 68 0
6 24 56 23 5 12 10 18 0
11 15 0 17 6 12 21 12 0
10 22 108 17 5 9 25 0 0
12 32 153 9 5 30 58 0 0
13 1 0 15 7 9 39 0 0
0 33 98 12 7 21 27 0 0
27 5 327 9 5 9 32 0 0
9 34 56 18 6 18 34 18 0
8 38 112 9 5 20 58 25 0
29 7 48 8 5 18 27 10 0
21 23 257 9 5 10 40 0 0
15 29
7 12
8 27
6 24
11 28
5 12
12 25
5 23
5 17
16 44
11 24
8 26
5 14
64 92
7 32
6 16
5 14
6 12
11 28
9 20
30 167
8 20
5 12
5 13
5 16
9 13
7 22
5 30
5 26
12 54
8 20
10 22
18 40
7 28
6 23
10 25
6 17
21 38
12 26
57 186
