82 110 120
15 66 153 8.0 5 19 64 0 0
39 45 97 7.0 7 8 24 0 0
0 60 385 32.0 10 17 27 1 0
26 5 0 10.0 7 22 58 23 0
3 29 70 25.0 5 9 24 12 0
18 39 0 9.0 7 23 21 0 0
14 63 383 8.0 5 18 46 38 0
58 45 60 7.0 5 8 30 46 0
28 10 0 7.0 5 21 46 64 0
11 21 56 11.0 8 20 10 28 0
44 62 70 8.0 5 10 27 10 0
3 57 0 10.0 5 20 17 0 0
8 72 0 8.0 5 32 82 0 0
30 61 0 10.0 5 23 7 0 0
17 75 69 7.0 8 15 28 27 0
24 42 56 8.0 5 12 34 18 0
28 10 0 9.0 5 21 45 63 0
46 65 0 7.0 6 9 65 2 0
59 45 41 7.0 8 8 31 0 0
9 64 0 18.0 6 30 52 0 0
17 2 0 13.0 7 14 66 60 0
9 28 0 14.0 5 11 51 45 0
33 45 41 8.0 8 8 20 0 0
22 67 0 12.0 6 6 36 0 0
31 28 0 9.0 5 11 104 45 0
20 73 125 7.0 8 14 68 0 0
15 28 0 15.0 5 11 63 45 0
30 80 60 7.0 8 24 34 35 0
11 7 167 7.0 11 21 8 16 0
41 62 99 8.0 5 10 33 13 0
28 15 0 10.0 5 18 45 63 0
15 64 153 8.0 5 30 64 0 0
23 7 0 7.0 6 21 16 16 0
0 32 98 20.0 7 21 27 0 0
2 21 89 10.0 7 20 23 28 0
11 68 56 12.0 10 19 10 13 0
42 9 56 7.0 5 18 18 52 0
6 65 112 8.0 5 9 61 0 0
11 42 56 17.0 5 12 10 18 0
18 4 0 13.0 7 9 21 0 0
47 61 0 7.0 5 23 15 15 0
16 64 0 12.0 9 30 75 0 0
23 49 89 8.0 6 18 17 18 0
2 23 167 28.0 6 12 21 16 0
10 4 0 18.0 7 9 85 0 0
3 31 71 7.0 5 10 24 78 0
42 23 0 8.0 5 12 16 16 0
6 37 171 9.0 5 32 45 35 0
0 41 0 6.0 15 29 27 0 0
52 43 190 7.0 5 20 22 10 0
35 69 0 9.0 5 9 17 0 0
6 38 171 10.0 5 12 45 39 0
2 49 89 8.0 6 18 23 18 0
19 17 62 10.0 9 9 41 62 0
45 46 64 8.0 8 8 65 0 0
14 70 112 8.0 5 20 58 25 0
55 76 0 7.0 8 15 76 65 0
23 68 89 10.0 6 19 17 13 0
3 63 60 6.0 5 18 19 44 0
7 62 86 18.0 5 10 32 0 0
48 46 0 7.0 7 8 26 0 0
18 81 0 6.0 16 57 21 0 0
24 68 56 10.0 10 19 34 13 0
12 29 108 16.0 5 9 40 0 0
24 49 56 11.0 6 18 34 18 0
23 34 0 10.0 5 8 30 32 0
50 7 89 7.0 11 21 35 68 0
6 71 128 8.0 5 9 54 46 0
15 10 0 7.0 5 21 64 64 0
5 62 99 23.0 5 10 19 13 0
8 66 153 7.0 5 19 58 0 0
37 13 46 9.0 5 33 64 28 0
5 29 99 10.0 5 9 19 14 0
6 63 383 22.0 5 18 51 38 0
17 19 62 9.0 9 10 62 41 0
54 39 0 7.0 7 23 70 0 0
14 65 112 15.0 5 9 58 0 0
9 66 0 12.0 6 19 52 0 0
1 79 34 7.0 7 9 9 69 0
56 77 104 7.0 5 6 36 16 0
8 39 0 7.0 5 23 82 0 0
29 63 371 10.0 5 18 13 38 0
4 39 0 7.0 7 23 19 25 0
23 39 0 7.0 6 23 26 33 0
11 23 167 16.0 6 12 8 16 0
1 30 32 10.0 8 15 9 10 0
23 21 89 10.0 6 20 17 28 0
51 58 0 6.0 5 20 18 1 0
15 31 0 13.0 5 10 67 107 0
4 29 108 25.0 5 9 22 0 0
19 17 42 13.0 9 9 89 11 0
27 62 108 8.0 5 10 43 0 0
25 62 69 12.0 5 10 26 7 0
23 9 50 7.0 6 18 17 52 0
40 38 50 8.0 9 12 13 45 0
42 45 41 7.0 5 8 29 0 0
3 40 67 6.0 5 17 14 4 0
21 23 0 11.0 6 12 26 16 0
36 45 41 9.0 8 8 30 0 0
53 75 69 7.0 8 15 30 27 0
49 45 41 7.0 6 8 29 0 0
51 61 0 7.0 5 23 17 0 0
53 43 137 7.0 5 20 31 76 0
21 29 257 9.0 5 9 45 0 0
23 68 97 8.0 6 19 16 10 0
6 74 128 7.0 5 18 54 74 0
8 28 0 12.0 5 11 57 45 0
57 78 142 7.0 7 15 23 44 0
0 30 203 21.0 8 15 19 0 0
12 62 108 12.0 5 10 40 0 0
15 29
8 12
7 18
5 24
7 12
7 29
5 12
11 28
5 14
6 24
8 27
12 25
12 201
6 43
5 17
5 23
9 23
9 12
16 43
9 13
8 26
8 26
6 8
6 16
16 44
7 32
11 15
13 72
5 14
5 12
8 20
10 13
7 28
11 24
5 10
5 62
10 27
5 42
10 16
7 30
9 22
21 38
5 16
5 26
21 72
8 10
8 10
6 18
7 25
6 23
11 28
6 45
212 212
9 26
7 22
30 167
5 8
7 26
5 26
20 246
10 22
5 30
5 13
6 23
18 40
6 12
12 25
6 8
10 25
8 12
12 26
6 11
24 42
13 18
8 24
8 20
8 20
5 7
9 20
7 11
9 31
36 76
