68 70 120
13 56 153 8 5 19 64 0 0
34 39 97 7 7 8 24 0 0
0 50 385 32 10 17 27 1 0
23 4 0 10 7 22 58 23 0
2 25 70 25 5 9 24 12 0
16 34 0 9 7 23 21 0 0
12 53 383 8 5 18 46 38 0
48 39 60 7 5 8 30 46 0
24 9 0 7 5 21 46 64 0
10 19 56 11 8 20 10 28 0
38 52 70 8 5 10 27 10 0
2 47 0 10 5 20 17 0 0
7 62 0 8 5 32 82 0 0
26 51 0 10 5 23 7 0 0
15 64 69 7 8 15 28 27 0
22 36 56 8 5 12 34 18 0
24 9 0 9 5 21 45 63 0
40 55 0 7 6 9 65 2 0
49 39 41 7 8 8 31 0 0
8 54 0 18 6 30 52 0 0
15 1 0 13 7 14 66 60 0
8 24 0 14 5 11 51 45 0
29 39 41 8 8 8 20 0 0
20 57 0 12 6 6 36 0 0
27 24 0 9 5 11 104 45 0
18 63 125 7 8 14 68 0 0
13 24 0 15 5 11 63 45 0
26 66 60 7 8 24 34 35 0
10 6 167 7 11 21 8 16 0
35 52 99 8 5 10 33 13 0
24 13 0 10 5 18 45 63 0
13 54 153 8 5 30 64 0 0
21 6 0 7 6 21 16 16 0
0 28 98 20 7 21 27 0 0
1 19 89 10 7 20 23 28 0
10 58 56 12 10 19 10 13 0
36 8 56 7 5 18 18 52 0
5 55 112 8 5 9 61 0 0
10 36 56 17 5 12 10 18 0
16 3 0 13 7 9 21 0 0
41 51 0 7 5 23 15 15 0
14 54 0 12 9 30 75 0 0
21 43 89 8 6 18 17 18 0
1 21 167 28 6 12 21 16 0
9 3 0 18 7 9 85 0 0
2 27 71 7 5 10 24 78 0
36 21 0 8 5 12 16 16 0
5 32 171 9 5 32 45 35 0
0 35 0 6 15 29 27 0 0
45 37 190 7 5 20 22 10 0
31 59 0 9 5 9 17 0 0
5 33 171 10 5 12 45 39 0
1 43 89 8 6 18 23 18 0
17 15 62 10 9 9 41 62 0
39 40 64 8 8 8 65 0 0
12 60 112 8 5 20 58 25 0
46 65 0 7 8 15 76 65 0
21 58 89 10 6 19 17 13 0
2 53 60 6 5 18 19 44 0
6 52 86 18 5 10 32 0 0
42 40 0 7 7 8 26 0 0
16 67 0 6 16 57 21 0 0
22 58 56 10 10 19 34 13 0
11 25 108 16 5 9 40 0 0
22 43 56 11 6 18 34 18 0
21 30 0 10 5 8 30 32 0
44 6 89 7 11 21 35 68 0
5 61 128 8 5 9 54 46 0
13 9 0 7 5 21 64 64 0
4 52 99 23 5 10 19 13 0
15 29
7 18
5 24
7 12
7 29
5 12
11 28
5 14
6 24
8 27
12 25
12 201
5 17
5 23
9 23
9 12
16 43
9 13
8 26
8 26
6 8
6 16
16 44
11 15
5 14
5 12
8 20
10 13
7 28
11 24
5 10
5 62
5 42
10 16
7 30
21 38
5 16
5 26
21 72
8 10
8 10
6 18
7 25
6 23
11 28
212 212
30 167
7 26
5 26
20 246
10 22
5 30
5 13
6 23
18 40
6 12
12 25
6 8
10 25
8 12
12 26
6 11
24 42
13 18
8 20
8 20
9 31
36 76
