38 30 120
15 19 0 11 6 27 26 33 0
19 34 97 13 7 9 24 0 0
9 26 56 10 5 15 34 18 0
18 36 25 10 7 18 16 36 0
8 24 108 19 5 11 43 0 0
7 26 56 23 5 15 10 18 0
29 29 0 8 5 27 9 9 0
26 34 41 10 5 9 29 0 0
28 27 42 10 9 11 89 11 0
4 24 70 25 5 11 24 12 0
12 35 0 17 6 8 36 0 0
14 24 0 9 5 11 26 9 0
13 32 153 9 5 36 58 0 0
3 24 108 25 5 11 40 0 0
18 25 99 13 5 12 19 13 0
17 33 162 13 7 26 5 0 0
1 29 32 30 5 27 9 2 0
27 24 0 10 5 11 40 8 0
3 25 108 10 5 12 40 0 0
11 5 56 10 6 22 28 52 0
22 29 0 12 5 27 7 0 0
30 37 63 8 9 28 22 46 0
11 24 257 10 5 11 45 0 0
0 31 385 31 10 20 27 1 0
6 24 86 15 5 11 32 0 0
16 2 0 12 5 25 46 64 0
10 25 108 8 5 12 25 0 0
21 20 112 8 6 11 71 0 0
27 23 69 8 8 18 28 27 0
13 16 0 13 5 13 57 45 0
15 29
8 12
8 27
12 201
5 24
6 24
11 28
12 25
13 72
16 44
11 24
8 26
6 8
5 14
7 32
6 16
5 14
20 67
7 29
7 30
6 12
11 28
8 20
8 20
5 12
5 13
5 16
9 12
9 13
5 30
13 24
10 22
18 40
7 28
8 10
6 8
8 19
9 31
