37 30 120
18 13 257 8 5 11 29 0 0
1 22 89 8 6 21 23 18 0
11 9 56 12 8 24 34 28 0
10 16 0 10 5 9 30 32 0
7 36 0 6 16 69 21 0 0
2 18 0 7 7 27 19 25 0
4 30 383 22 5 21 51 38 0
15 13 108 8 5 11 25 0 0
2 19 41 16 7 9 18 0 0
10 22 89 8 6 21 17 18 0
2 13 108 25 5 11 22 0 0
5 24 365 7 5 20 58 42 0
1 10 167 28 6 15 21 16 0
6 32 153 8 5 23 64 0 0
24 18 0 7 7 27 70 0 0
12 13 108 10 5 11 43 0 0
19 20 64 8 8 9 65 0 0
1 9 89 10 7 24 23 28 0
11 33 56 10 10 23 34 13 0
0 27 385 32 10 20 27 1 0
18 19 97 7 7 9 24 0 0
14 8 219 9 7 24 24 48 0
23 28 0 7 5 27 17 0 0
21 20 0 7 7 9 26 0 0
7 2 0 13 7 11 21 0 0
20 31 0 7 6 11 65 2 0
26 19 60 7 5 9 30 46 0
17 34 0 9 5 11 17 0 0
3 29 99 23 5 12 19 13 0
25 35 104 7 5 7 36 16 0
15 29
7 18
7 12
7 29
5 12
5 17
5 23
16 43
8 26
8 26
6 16
16 44
13 72
5 12
7 28
11 24
5 10
5 62
7 30
8 10
8 10
7 25
6 23
6 45
7 22
5 8
5 26
10 22
5 30
5 13
6 23
6 12
12 25
10 25
8 12
5 7
36 76
