84 110 120
25 30 0 11 5 12 24 8 0
40 72 85 8 10 31 75 0 0
4 46 41 16 7 10 18 0 0
9 68 0 12 6 25 52 0 0
0 42 0 6 15 38 27 0 0
2 51 89 8 6 23 23 18 0
43 23 0 8 5 16 16 16 0
10 4 0 18 7 12 85 0 0
20 77 125 7 8 18 68 0 0
23 39 0 7 6 30 26 33 0
9 65 0 18 6 40 52 0 0
4 30 108 25 5 12 22 0 0
38 64 67 8 6 23 56 48 0
6 73 171 8 5 12 45 31 0
23 29 110 9 5 14 17 46 0
45 63 70 8 5 13 27 10 0
46 48 64 8 8 10 65 0 0
52 59 0 6 5 26 18 1 0
20 37 146 7 5 42 68 60 0
58 63 70 7 5 13 46 10 0
17 2 0 13 7 18 66 60 0
2 21 89 10 7 26 23 28 0
15 68 153 8 5 25 64 0 0
19 17 42 13 9 12 89 11 0
43 46 41 7 5 10 29 0 0
16 65 0 12 9 40 75 0 0
39 30 257 8 5 12 29 0 0
12 30 108 16 5 12 40 0 0
28 63 108 8 5 13 43 0 0
23 70 89 10 6 25 17 13 0
12 63 108 12 5 13 40 0 0
2 9 50 7 6 24 23 52 0
5 63 99 23 5 13 19 13 0
14 64 383 8 5 23 46 38 0
28 30 108 10 5 12 43 0 0
32 29 0 9 5 14 104 45 0
34 63 108 9 5 13 25 0 0
51 46 41 7 6 10 29 0 0
12 46 41 11 8 10 35 0 0
24 70 56 10 10 25 34 13 0
19 17 62 10 9 12 41 62 0
57 81 104 7 5 7 36 16 0
25 63 69 12 5 13 26 7 0
36 46 41 9 8 10 30 0 0
21 23 0 11 6 16 21 12 0
21 30 257 9 5 12 45 0 0
8 29 0 12 5 14 57 45 0
4 63 108 16 5 13 22 0 0
5 30 99 10 5 12 19 14 0
50 48 0 7 7 10 26 0 0
18 39 0 9 7 30 21 0 0
54 44 137 7 5 26 31 76 0
7 63 86 18 5 13 32 0 0
15 10 0 7 5 27 64 64 0
4 39 0 7 7 30 19 25 0
15 32 0 13 5 13 67 107 0
32 65 153 7 10 40 105 0 0
6 78 128 7 5 24 54 74 0
29 32 0 8 5 13 45 104 0
44 54 42 8 5 26 96 9 0
13 33 162 16 6 28 32 0 0
3 64 60 6 5 23 19 44 0
37 13 46 9 5 43 64 28 0
23 70 97 8 6 25 16 10 0
2 43 89 18 5 16 23 18 0
60 46 41 7 8 10 31 0 0
26 67 125 11 10 32 55 0 0
29 10 0 9 5 27 45 63 0
22 69 0 12 6 8 36 0 0
37 13 27 7 5 43 79 11 0
1 82 34 7 7 11 9 69 0
8 65 153 6 5 40 58 0 0
10 39 0 6 7 30 85 0 0
29 10 0 7 5 27 46 64 0
14 66 112 15 5 12 58 0 0
2 23 167 28 6 16 21 16 0
33 20 135 9 7 26 25 47 0
14 55 365 7 5 22 58 42 0
6 64 383 22 5 23 51 38 0
56 80 0 7 8 20 76 65 0
0 61 385 32 10 22 27 1 0
43 9 56 7 5 24 18 52 0
17 19 62 9 9 13 62 41 0
1 31 32 10 8 20 9 10 0
27 5 0 10 7 29 58 23 0
14 74 112 8 5 26 58 25 0
6 75 128 8 5 11 54 46 0
11 21 56 11 8 26 10 28 0
30 64 371 10 5 23 13 38 0
3 6 71 9 5 12 24 51 0
28 79 0 7 13 66 32 8 0
49 62 0 7 5 30 15 15 0
47 37 75 7 5 42 47 48 0
23 9 50 7 6 24 17 52 0
8 76 0 8 5 42 82 0 0
8 4 0 19 5 12 82 0 0
21 46 41 12 8 10 40 0 0
20 67 0 13 8 32 68 0 0
59 46 60 7 5 10 30 46 0
24 21 56 12 8 26 34 28 0
35 71 0 9 5 12 17 0 0
53 12 49 7 12 201 96 3 0
18 83 0 6 16 76 21 0 0
11 51 56 14 6 23 10 18 0
23 51 89 8 6 23 17 18 0
1 59 32 14 5 26 9 3 0
34 46 41 8 8 10 20 0 0
16 68 0 9 9 25 75 0 0
0 33 98 20 7 28 27 0 0
3 41 67 6 5 22 14 4 0
15 29
8 12
7 18
5 24
7 12
7 29
5 12
11 28
5 14
6 24
8 27
12 25
12 201
6 43
5 17
5 23
9 23
9 12
16 43
9 13
8 26
8 26
6 8
6 16
16 44
7 32
10 37
11 15
13 72
5 14
5 12
8 20
10 13
7 28
11 24
5 62
10 27
5 42
10 16
7 30
10 59
9 22
21 38
5 16
5 26
21 72
8 10
5 32
8 10
6 18
7 25
6 23
6 45
22 100
9 26
7 22
30 167
5 8
21 46
5 26
20 246
10 22
5 30
5 13
6 23
18 40
6 12
12 32
12 25
6 8
10 25
8 12
10 31
9 12
12 26
6 11
24 42
13 18
8 24
19 66
8 20
5 7
7 11
36 76
