64 70 120
23 28 0 11 6 27 26 33 0
28 53 97 13 7 9 24 0 0
16 38 56 10 5 15 34 18 0
27 55 25 10 7 18 16 36 0
15 35 108 19 5 11 43 0 0
10 38 56 23 5 15 10 18 0
44 44 0 8 5 27 9 9 0
38 53 41 10 5 9 29 0 0
41 39 42 10 9 11 89 11 0
6 35 70 25 5 11 24 12 0
19 54 0 17 6 8 36 0 0
22 35 0 9 5 11 26 9 0
20 49 153 9 5 36 58 0 0
4 35 108 25 5 11 40 0 0
27 36 99 13 5 12 19 13 0
25 52 162 13 7 26 5 0 0
2 44 32 30 5 27 9 2 0
39 35 0 10 5 11 40 8 0
4 36 108 10 5 12 40 0 0
18 7 56 10 6 22 28 52 0
32 44 0 12 5 27 7 0 0
46 62 63 8 9 28 22 46 0
18 35 257 10 5 11 45 0 0
0 48 385 31 10 20 27 1 0
8 35 86 15 5 11 32 0 0
24 3 0 12 5 25 46 64 0
17 36 108 8 5 12 25 0 0
30 29 112 8 6 11 71 0 0
39 33 69 8 8 18 28 27 0
20 24 0 13 5 13 57 45 0
1 63 135 8 7 67 22 11 0
26 15 0 8 13 65 21 20 0
5 24 0 25 5 13 74 45 0
1 18 0 9 7 24 19 41 0
9 60 49 9 5 35 48 46 0
9 14 52 8 5 16 29 0 0
6 9 71 13 5 11 24 51 0
35 59 129 8 5 11 18 31 0
47 58 60 8 5 16 30 35 0
21 28 0 8 7 27 39 0 0
14 20 365 8 5 13 58 41 0
20 61 122 9 5 15 16 11 0
22 36 69 15 5 12 26 7 0
1 53 41 17 7 9 18 0 0
31 53 41 13 8 9 30 0 0
40 35 0 10 5 11 22 8 0
0 32 203 17 8 18 19 0 0
37 57 0 9 5 10 52 62 0
42 18 111 9 7 24 67 1 0
34 53 41 11 8 9 31 0 0
18 53 41 17 8 9 40 0 0
1 36 108 20 5 12 22 0 0
2 13 75 8 5 21 36 32 0
14 59 171 10 5 11 41 31 0
10 23 167 14 6 15 8 16 0
11 23 167 22 6 15 21 16 0
5 13 0 9 5 21 74 63 0
5 49 0 20 9 36 75 0 0
43 45 52 9 6 17 60 39 0
2 32 32 14 8 18 9 10 0
12 51 0 21 8 29 68 0 0
33 36 257 9 5 12 40 0 0
35 56 1051 8 5 23 27 62 0
3 18 293 10 8 24 85 1 0
9 41 128 9 5 12 54 60 0
27 35 99 9 5 11 19 14 0
14 50 383 20 5 21 46 38 0
47 53 60 8 5 9 30 46 0
10 8 167 14 11 26 8 16 0
28 35 257 9 5 11 29 0 0
15 29
7 12
8 12
8 27
12 201
9 23
5 24
6 24
11 28
5 12
12 25
7 18
8 26
5 23
5 17
13 72
16 44
11 24
8 26
6 8
5 14
64 92
7 32
6 16
5 14
20 67
16 43
7 29
7 30
6 12
11 28
10 27
8 20
8 20
20 246
5 12
5 13
5 32
5 16
9 12
5 10
9 13
7 22
9 26
5 30
6 18
13 24
5 26
10 22
18 40
6 23
12 32
7 28
8 10
6 8
8 19
10 25
7 11
6 17
9 12
21 38
6 16
9 31
41 74
