35 33 120
0 22 108 30 4 11 22 12 0
1 23 32 30 4 27 9 2 0
2 0 0 28 7 11 85 0 0
3 22 70 25 4 11 24 24 0
1 24 32 23 5 24 9 26 0
4 25 383 23 4 21 51 38 0
5 26 56 23 4 15 10 18 0
6 20 167 22 6 15 21 16 0
7 27 0 21 8 29 68 0 0
8 21 0 21 5 13 63 45 0
9 28 162 20 6 26 32 12 0
10 25 383 20 4 21 47 38 0
0 29 108 20 4 12 22 12 0
11 22 108 19 4 11 52 12 0
10 30 112 18 4 11 58 0 0
12 31 203 17 8 18 19 0 0
6 26 89 17 4 15 23 18 0
13 22 108 17 4 11 25 12 0
0 32 41 17 7 9 18 0 0
14 20 0 17 6 15 21 12 0
15 33 0 17 6 8 36 0 0
4 34 49 17 4 18 48 33 0
14 32 41 17 8 9 40 0 0
3 10 71 16 4 16 24 47 0
16 0 0 16 4 11 82 0 0
17 27 125 16 10 29 55 0 0
18 29 69 15 4 12 26 19 0
1 31 32 14 8 18 9 10 0
19 14 56 14 8 24 34 28 0
20 14 89 14 6 24 17 28 0
18 22 0 14 4 11 24 20 0
21 2 0 14 5 25 45 63 0
5 20 167 14 6 15 8 16 0
7 12
8 12
8 27
5 24
4 12
12 25
7 18
8 26
5 23
6 43
4 17
13 72
15 29
11 24
8 26
6 8
4 14
10 37
7 32
16 44
6 16
5 14
4 12
4 30
5 26
6 23
4 16
12 32
7 28
4 13
6 12
8 20
8 10
6 8
8 19
