44 30 120
10 38 153 8.0 5 19 64 0 0
23 27 97 7.0 7 8 24 0 0
0 32 385 32.0 10 17 27 1 0
17 3 0 10.0 7 22 58 23 0
2 19 70 25.0 5 9 24 12 0
12 23 0 9.0 7 23 21 0 0
9 35 383 8.0 5 18 46 38 0
30 27 60 7.0 5 8 30 46 0
18 7 0 7.0 5 21 46 64 0
8 14 56 11.0 8 20 10 28 0
26 34 70 8.0 5 10 27 10 0
2 29 0 10.0 5 20 17 0 0
5 40 0 8.0 5 32 82 0 0
20 33 0 10.0 5 23 7 0 0
11 42 69 7.0 8 15 28 27 0
16 25 56 8.0 5 12 34 18 0
18 7 0 9.0 5 21 45 63 0
28 37 0 7.0 6 9 65 2 0
31 27 41 7.0 8 8 31 0 0
6 36 0 18.0 6 30 52 0 0
11 1 0 13.0 7 14 66 60 0
6 18 0 14.0 5 11 51 45 0
22 27 41 8.0 8 8 20 0 0
15 39 0 12.0 6 6 36 0 0
21 18 0 9.0 5 11 104 45 0
13 41 125 7.0 8 14 68 0 0
10 18 0 15.0 5 11 63 45 0
20 43 60 7.0 8 24 34 35 0
8 4 167 7.0 11 21 8 16 0
24 34 99 8.0 5 10 33 13 0
15 29
7 18
5 24
7 29
11 28
5 14
6 24
8 27
12 25
5 17
5 23
9 12
16 43
8 26
8 26
6 8
16 44
11 15
5 14
5 12
8 20
10 13
11 24
7 30
21 38
5 16
21 72
8 10
8 10
7 26
5 26
20 246
10 22
5 30
5 13
6 23
18 40
6 12
12 25
6 8
24 42
13 18
8 20
9 31
