40 30 120
14 4 0 13 6 18 21 0 0
8 11 53 9 5 14 21 51 0
22 5 0 8 5 23 27 15 0
3 30 383 23 5 23 51 38 0
15 32 41 13 8 10 30 0 0
17 18 257 9 5 13 40 12 0
7 18 108 8 5 13 25 12 0
28 39 60 8 5 31 52 35 0
26 38 0 9 36 76 29 29 0
7 23 108 17 5 12 25 12 0
5 25 153 8 5 51 64 0 0
11 1 0 14 5 27 45 63 0
10 23 0 9 5 12 26 21 0
19 36 89 10 5 41 70 28 0
27 3 327 9 5 12 32 0 0
11 35 0 10 5 13 45 104 0
16 27 0 12 5 30 7 0 0
29 5 48 8 5 23 27 10 0
6 37 171 10 5 12 41 31 0
0 28 32 23 5 26 9 26 0
21 20 81 8 9 12 94 8 0
2 3 71 13 5 12 24 51 0
24 12 0 9 7 10 26 0 0
28 32 60 8 5 10 52 46 0
9 34 153 11 5 25 58 0 0
13 31 162 13 7 28 32 12 0
3 33 171 13 5 42 45 35 0
6 9 365 8 5 14 58 41 0
12 14 0 13 6 12 65 2 0
11 9 0 10 5 14 45 57 0
8 12
8 27
5 24
5 12
7 18
5 23
5 17
11 24
8 26
5 14
7 32
5 14
8 10
20 67
6 12
10 27
8 20
8 20
5 13
5 16
9 12
9 13
5 32
5 12
7 25
25 51
53 60
5 30
5 26
12 54
6 23
7 28
8 10
5 42
12 25
10 13
8 41
9 12
36 76
9 31
