64 70 120
24 6 0 13 6 18 21 0 0
13 18 53 9 5 14 21 51 0
33 8 0 8 5 23 27 15 0
4 48 383 23 5 23 51 38 0
25 50 41 13 8 10 30 0 0
27 28 257 9 5 13 40 12 0
12 28 108 8 5 13 25 12 0
42 62 60 8 5 31 52 35 0
39 61 0 9 36 76 29 29 0
12 34 108 17 5 12 25 12 0
8 38 153 8 5 51 64 0 0
18 2 0 14 5 27 45 63 0
15 34 0 9 5 12 26 21 0
29 57 89 10 5 41 70 28 0
40 4 327 9 5 12 32 0 0
18 56 0 10 5 13 45 104 0
26 40 0 12 5 30 7 0 0
45 8 48 8 5 23 27 10 0
10 58 171 10 5 12 41 31 0
1 42 32 23 5 26 9 26 0
31 30 81 8 9 12 94 8 0
3 4 71 13 5 12 24 51 0
35 19 0 9 7 10 26 0 0
42 50 60 8 5 10 52 46 0
14 54 153 11 5 25 58 0 0
20 49 162 13 7 28 32 12 0
4 53 171 13 5 42 45 35 0
10 14 365 8 5 14 58 41 0
19 24 0 13 6 12 65 2 0
18 14 0 10 5 14 45 57 0
0 28 108 20 5 13 22 12 0
2 0 0 28 7 12 85 0 0
0 13 0 9 7 26 19 41 0
31 52 0 9 6 11 71 56 0
7 49 37 8 7 28 68 12 0
7 47 125 11 8 18 68 0 0
4 58 171 9 5 12 45 31 0
12 50 41 10 8 10 20 0 0
36 41 52 9 6 18 60 39 0
18 8 0 8 5 23 45 63 0
18 2 0 12 5 27 46 64 0
22 10 91 8 5 17 19 44 0
17 23 0 11 6 30 26 33 0
1 55 34 11 7 11 9 69 0
43 33 88 8 5 32 45 30 0
3 59 0 10 5 26 17 0 0
22 51 25 10 7 19 16 36 0
1 8 75 8 5 23 36 32 0
44 40 0 8 5 30 17 0 0
4 10 52 8 5 17 30 0 0
22 34 99 9 5 12 19 26 0
9 49 162 20 6 28 32 12 0
4 52 128 13 5 11 54 46 0
5 17 167 14 6 16 8 16 0
4 31 128 9 5 13 54 60 0
14 18 0 13 5 14 57 45 0
13 17 0 17 6 16 21 12 0
23 63 0 8 7 48 25 38 0
1 26 32 14 8 20 9 10 0
21 0 0 13 7 12 21 0 0
3 10 71 16 5 17 24 47 0
23 50 97 13 7 10 24 0 0
14 60 153 9 5 40 58 0 0
8 60 153 9 5 40 64 0 0
11 37 0 8 15 38 27 0 0
16 29 56 10 5 16 34 18 0
32 13 111 9 7 26 67 1 0
41 40 0 9 5 30 15 15 0
46 31 63 8 8 13 52 73 0
33 55 0 9 5 11 52 62 0
7 12
8 12
8 27
5 24
5 12
12 25
7 18
8 26
5 23
6 43
5 17
15 29
11 24
8 26
5 14
7 32
16 44
6 16
5 14
8 10
20 67
16 43
7 29
7 30
6 12
10 27
8 20
8 20
5 13
5 16
9 12
9 13
7 22
5 32
5 12
7 25
9 26
21 38
25 51
53 60
5 30
6 18
5 26
15 26
6 45
12 54
8 20
13 18
6 23
7 28
8 10
8 19
6 11
5 42
12 25
7 11
10 13
8 41
9 12
7 26
18 40
36 76
9 31
20 48
