39 30 120
13 3 56 10 6 24 28 52 0
22 13 0 9 6 26 21 0 0
10 24 108 19 5 12 43 0 0
23 30 0 11 8 20 76 65 0
21 35 97 13 7 10 24 0 0
28 28 0 8 5 30 9 9 0
29 28 0 9 5 30 15 15 0
8 18 0 21 5 14 63 45 0
13 18 53 9 5 14 21 51 0
6 13 89 9 7 26 23 28 0
5 26 56 23 5 16 10 18 0
1 24 108 25 5 12 40 0 0
13 17 0 9 6 16 26 16 0
16 24 0 14 5 12 24 8 0
2 8 0 9 5 23 74 63 0
24 33 371 9 5 23 13 38 0
9 14 365 8 5 14 58 41 0
15 34 125 16 10 32 55 0 0
27 38 0 9 36 76 29 0 0
4 36 49 17 5 19 48 33 0
20 25 99 13 5 13 19 13 0
7 31 125 11 8 18 68 0 0
1 8 85 8 5 23 33 54 0
24 37 183 11 5 17 27 25 0
11 13 56 14 8 26 34 28 0
12 35 41 10 8 10 20 0 0
19 22 0 13 6 12 65 2 0
13 17 0 17 6 16 21 12 0
2 32 0 20 9 40 75 0 0
0 8 75 8 5 23 36 32 0
8 12
12 201
9 23
6 24
5 12
12 25
7 18
8 26
5 23
5 17
13 72
16 44
11 24
8 26
5 14
10 37
7 32
6 16
5 14
8 10
7 29
7 30
6 12
30 167
5 12
5 13
5 16
53 60
5 30
6 18
8 20
13 18
18 40
6 23
12 32
8 10
8 19
6 17
36 76
