40 30 120
3 8 52 8 5 16 30 0 0
3 37 171 9 5 11 45 31 0
4 14 167 14 6 15 8 16 0
28 24 88 8 5 29 45 30 0
8 39 112 9 5 24 58 25 0
3 33 128 13 5 10 54 46 0
0 25 108 30 5 11 22 12 0
16 31 97 13 7 9 24 0 0
27 3 327 9 5 11 32 0 0
26 0 0 9 7 11 30 0 0
8 12 365 8 5 13 58 41 0
20 25 257 11 5 11 40 12 0
19 27 0 12 5 27 7 0 0
5 22 89 17 5 15 23 18 0
29 7 48 8 5 21 27 10 0
1 35 34 11 7 10 9 69 0
9 25 108 17 5 11 25 12 0
2 8 71 16 5 16 24 47 0
23 10 111 9 7 24 67 1 0
3 38 49 9 5 35 48 46 0
18 31 41 13 8 9 30 0 0
13 25 0 14 5 11 24 20 0
15 12 0 10 5 13 45 57 0
1 19 32 14 8 18 9 10 0
9 21 108 8 5 12 25 12 0
17 10 0 9 6 24 21 0 0
22 36 89 10 5 37 70 28 0
3 34 171 13 5 38 45 35 0
6 30 125 11 8 17 68 0 0
11 32 0 17 6 8 36 0 0
7 12
8 12
5 24
5 12
12 25
7 18
8 26
5 23
5 17
11 24
8 26
6 8
5 14
7 32
6 16
5 14
7 30
6 12
10 27
8 20
8 20
5 13
5 16
7 22
5 32
5 12
25 51
5 30
15 26
12 54
13 18
8 10
6 8
6 11
5 42
7 11
8 41
9 12
21 38
12 26
