59 70 120
17 6 56 10 6 24 28 52 0
28 17 0 9 6 26 21 0 0
14 33 108 19 5 12 43 0 0
32 43 0 11 8 20 76 65 0
27 50 97 13 7 10 24 0 0
41 41 0 8 5 30 9 9 0
42 41 0 9 5 30 15 15 0
12 23 0 21 5 14 63 45 0
17 23 53 9 5 14 21 51 0
10 17 89 9 7 26 23 28 0
9 35 56 23 5 16 10 18 0
3 33 108 25 5 12 40 0 0
17 22 0 9 6 16 26 16 0
21 33 0 14 5 12 24 8 0
4 12 0 9 5 23 74 63 0
33 46 371 9 5 23 13 38 0
13 18 365 8 5 14 58 41 0
19 47 125 16 10 32 55 0 0
40 57 0 9 36 76 29 0 0
8 51 49 17 5 19 48 33 0
26 34 99 13 5 13 19 13 0
11 44 125 11 8 18 68 0 0
3 12 85 8 5 23 33 54 0
33 53 183 11 5 17 27 25 0
15 17 56 14 8 26 34 28 0
16 50 41 10 8 10 20 0 0
24 28 0 13 6 12 65 2 0
17 22 0 17 6 16 21 12 0
4 45 0 20 9 40 75 0 0
2 12 75 8 5 23 36 32 0
25 14 0 8 13 72 21 20 0
43 37 63 8 8 13 52 73 0
29 28 112 8 6 12 71 0 0
4 23 0 25 5 14 74 45 0
17 33 257 10 5 12 45 0 0
13 54 171 10 5 12 41 31 0
26 51 25 10 7 19 16 36 0
12 45 153 9 5 40 64 0 0
26 33 99 9 5 12 19 14 0
8 52 128 13 5 11 54 46 0
5 8 71 13 5 12 24 51 0
30 50 41 13 8 10 30 0 0
37 52 0 9 6 11 71 56 0
2 31 32 14 8 20 9 10 0
28 10 0 13 6 18 21 0 0
9 7 167 14 11 28 8 16 0
3 34 108 10 5 13 40 0 0
5 13 71 16 5 17 24 46 0
1 34 108 20 5 13 22 0 0
9 17 56 13 8 26 10 28 0
41 8 327 9 5 12 32 0 0
34 51 39 10 5 19 13 33 0
12 39 153 8 5 51 64 0 0
10 22 167 22 6 16 21 16 0
37 36 42 10 9 12 89 11 0
35 50 41 10 5 10 29 0 0
6 49 0 17 6 25 52 0 0
1 58 135 8 7 74 22 11 0
0 38 0 8 15 38 27 0 0
0 48 98 12 7 28 27 0 0
25 27 0 9 7 30 21 0 0
13 46 383 20 5 23 46 38 0
11 48 37 8 7 28 68 0 0
15 35 56 10 5 16 34 18 0
8 56 49 9 5 38 48 46 0
11 47 0 21 8 32 68 0 0
21 33 0 9 5 12 26 9 0
9 22 167 14 6 16 8 16 0
5 55 0 10 5 26 17 0 0
20 1 0 15 7 12 39 0 0
15 29
7 12
8 12
12 201
9 23
5 24
6 24
11 28
5 12
12 25
7 18
8 26
5 23
5 17
13 72
16 44
11 24
8 26
5 14
10 37
64 92
7 32
6 16
5 14
8 10
16 43
7 29
7 30
6 12
11 28
10 27
8 20
30 167
5 12
5 13
5 16
9 12
9 13
21 38
25 51
53 60
5 30
6 18
8 20
13 18
18 40
6 23
12 32
7 28
12 25
8 10
8 19
6 11
6 17
9 12
7 26
21 38
36 76
41 74
