62 70 120
23 27 0 11 5 12 24 8 0
35 57 85 8 10 31 75 0 0
3 40 41 16 7 10 18 0 0
8 54 0 12 6 25 52 0 0
0 36 0 6 15 38 27 0 0
1 43 89 8 6 23 23 18 0
37 21 0 8 5 16 16 16 0
9 3 0 18 7 12 85 0 0
18 59 125 7 8 18 68 0 0
21 34 0 7 6 30 26 33 0
8 52 0 18 6 40 52 0 0
3 27 108 25 5 12 22 0 0
33 51 67 8 6 23 56 48 0
5 58 171 8 5 12 45 31 0
21 26 110 9 5 14 17 46 0
39 50 70 8 5 13 27 10 0
40 41 64 8 8 10 65 0 0
44 48 0 6 5 26 18 1 0
18 32 146 7 5 42 68 60 0
47 50 70 7 5 13 46 10 0
15 1 0 13 7 18 66 60 0
1 19 89 10 7 26 23 28 0
13 54 153 8 5 25 64 0 0
17 15 42 13 9 12 89 11 0
37 40 41 7 5 10 29 0 0
14 52 0 12 9 40 75 0 0
34 27 257 8 5 12 29 0 0
10 27 108 16 5 12 40 0 0
25 50 108 8 5 13 43 0 0
21 56 89 10 6 25 17 13 0
10 50 108 12 5 13 40 0 0
1 8 50 7 6 24 23 52 0
4 50 99 23 5 13 19 13 0
12 51 383 8 5 23 46 38 0
25 27 108 10 5 12 43 0 0
28 26 0 9 5 14 104 45 0
30 50 108 9 5 13 25 0 0
43 40 41 7 6 10 29 0 0
10 40 41 11 8 10 35 0 0
22 56 56 10 10 25 34 13 0
17 15 62 10 9 12 41 62 0
46 61 104 7 5 7 36 16 0
23 50 69 12 5 13 26 7 0
31 40 41 9 8 10 30 0 0
19 21 0 11 6 16 21 12 0
19 27 257 9 5 12 45 0 0
7 26 0 12 5 14 57 45 0
3 50 108 16 5 13 22 0 0
4 27 99 10 5 12 19 14 0
42 41 0 7 7 10 26 0 0
16 34 0 9 7 30 21 0 0
45 38 137 7 5 26 31 76 0
6 50 86 18 5 13 32 0 0
13 9 0 7 5 27 64 64 0
3 34 0 7 7 30 19 25 0
13 28 0 13 5 13 67 107 0
28 52 153 7 10 40 105 0 0
5 60 128 7 5 24 54 74 0
26 28 0 8 5 13 45 104 0
38 45 42 8 5 26 96 9 0
11 29 162 16 6 28 32 0 0
2 51 60 6 5 23 19 44 0
32 11 46 9 5 43 64 28 0
21 56 97 8 6 25 16 10 0
1 37 89 18 5 16 23 18 0
49 40 41 7 8 10 31 0 0
24 53 125 11 10 32 55 0 0
26 9 0 9 5 27 45 63 0
20 55 0 12 6 8 36 0 0
32 11 27 7 5 43 79 11 0
15 29
7 18
5 24
7 12
7 29
5 12
11 28
5 14
6 24
8 27
12 201
6 43
5 17
5 23
9 23
9 12
16 43
9 13
8 26
8 26
6 8
6 16
16 44
7 32
10 37
13 72
5 14
5 12
10 13
7 28
11 24
10 27
5 42
10 16
7 30
10 59
21 38
5 16
5 26
21 72
8 10
8 10
7 25
6 23
6 45
9 26
5 8
21 46
5 26
20 246
5 13
6 23
18 40
12 32
12 25
6 8
10 25
10 31
9 12
13 18
8 24
5 7
