81 110 120
9 73 49 9 5 29 48 46 0
24 38 0 9 5 9 26 9 0
0 57 385 31 10 17 27 1 0
9 32 112 13 5 9 61 0 0
3 1 0 28 7 9 85 0 0
36 55 0 11 8 15 76 65 0
17 41 56 10 5 12 34 18 0
26 13 0 8 5 18 45 63 0
3 76 0 9 8 140 85 0 0
25 7 50 14 6 18 17 52 0
21 76 0 8 5 140 82 0 0
21 26 0 13 5 11 57 45 0
19 26 53 9 5 11 21 51 0
35 68 0 12 9 19 36 68 0
53 70 60 8 5 13 30 35 0
45 19 111 9 7 20 67 1 0
38 70 183 11 5 13 27 25 0
9 44 128 9 5 10 54 60 0
33 8 89 8 11 21 35 68 0
10 41 56 23 5 12 10 18 0
19 25 0 17 6 12 21 12 0
18 38 108 17 5 9 25 0 0
21 58 153 9 5 30 58 0 0
23 1 0 15 7 9 39 0 0
0 60 98 12 7 21 27 0 0
51 9 327 9 5 9 32 0 0
17 62 56 18 6 18 34 18 0
15 74 112 9 5 20 58 25 0
54 13 48 8 5 18 27 10 0
37 39 257 9 5 10 40 0 0
9 66 171 13 5 32 45 35 0
44 42 42 10 9 9 89 11 0
51 51 0 8 5 23 9 9 0
2 53 32 23 5 20 9 3 0
30 39 99 13 5 10 19 13 0
25 19 89 14 6 20 17 28 0
56 39 99 8 5 10 40 13 0
11 19 89 9 7 20 23 28 0
14 60 162 20 6 21 32 0 0
20 64 0 17 6 6 36 0 0
50 75 0 9 36 57 29 0 0
24 38 0 14 5 9 24 8 0
3 26 0 9 5 11 63 45 0
2 51 32 30 5 23 9 2 0
13 26 0 21 5 11 63 45 0
7 3 0 8 6 21 51 63 0
27 26 0 8 5 11 57 36 0
43 38 0 10 5 9 22 8 0
4 13 85 8 5 18 33 54 0
12 60 37 8 7 21 68 0 0
3 19 293 10 8 20 85 1 0
34 51 0 12 5 23 7 0 0
55 44 63 8 8 10 52 73 0
32 11 0 13 6 14 21 0 0
46 27 0 9 7 8 26 0 0
19 25 0 9 6 12 26 16 0
13 49 153 8 5 39 64 0 0
6 9 71 13 5 9 24 51 0
9 79 383 8 5 67 51 38 0
11 25 167 22 6 12 21 16 0
30 38 99 9 5 9 19 14 0
53 77 60 8 5 24 30 35 0
31 63 97 13 7 8 24 0 0
5 58 0 20 9 30 75 0 0
28 60 162 13 7 21 5 0 0
26 3 0 12 5 21 46 64 0
47 52 52 9 6 14 60 39 0
1 19 0 9 7 20 19 41 0
29 16 0 8 13 54 21 20 0
5 26 0 25 5 11 74 45 0
52 51 0 9 5 23 15 15 0
11 68 89 10 7 19 23 13 0
10 19 56 13 8 20 10 28 0
6 38 70 25 5 9 24 12 0
26 71 0 10 5 10 45 104 0
15 21 365 8 5 11 58 41 0
15 32 112 18 5 9 58 0 0
22 59 125 16 10 24 55 0 0
19 7 56 10 6 18 28 52 0
31 80 0 8 7 36 25 24 0
49 1 0 9 7 9 30 0 0
9 67 171 12 5 12 45 39 0
2 78 34 8 8 32 9 67 0
9 72 171 9 5 9 45 31 0
5 61 0 19 9 19 75 0 0
18 63 41 10 8 8 20 0 0
17 68 56 12 10 19 34 13 0
33 61 0 13 11 19 84 0 0
46 69 52 8 7 9 47 47 0
7 61 0 17 6 19 52 0 0
4 38 108 25 5 9 40 0 0
9 65 49 17 5 15 48 33 0
40 69 0 9 5 9 52 62 0
2 34 32 14 8 15 9 10 0
48 39 99 9 5 10 33 13 0
5 13 0 9 5 18 74 63 0
29 31 0 9 7 23 21 0 0
30 15 91 8 5 13 19 44 0
29 1 0 13 7 9 21 0 0
42 38 0 10 5 9 40 8 0
53 63 60 8 5 8 30 46 0
9 15 52 8 5 13 29 0 0
42 37 69 8 8 15 28 27 0
38 68 1051 8 5 19 27 62 0
12 56 125 11 8 14 68 0 0
19 38 257 10 5 9 45 0 0
18 39 108 8 5 10 25 0 0
6 15 71 16 5 13 24 46 0
7 49 0 8 6 39 52 0 0
8 39 86 24 5 10 32 0 0
15 29
7 12
8 12
8 27
12 201
9 23
5 24
6 24
11 28
5 12
12 25
7 18
8 26
5 23
6 43
5 17
13 72
16 44
11 24
8 26
6 8
5 14
10 37
64 92
7 32
6 16
5 14
8 10
20 67
16 43
7 29
7 30
6 12
11 28
8 20
9 20
30 167
8 20
5 12
5 13
5 32
5 16
9 12
5 10
9 13
7 22
7 25
9 26
21 38
25 51
53 60
5 30
6 18
5 26
12 54
8 20
13 18
10 22
18 40
12 32
7 28
12 25
6 23
8 10
6 8
8 19
5 42
10 16
10 25
7 11
6 17
10 13
9 12
21 38
12 26
36 76
57 186
9 31
11 42
21 89
20 48
