69 70 120
9 63 49 9 5 29 48 46 0
23 37 0 9 5 9 26 9 0
0 54 385 31 10 17 27 1 0
9 31 112 13 5 9 61 0 0
3 1 0 28 7 9 85 0 0
35 52 0 11 8 15 76 65 0
17 39 56 10 5 12 34 18 0
25 13 0 8 5 18 45 63 0
3 66 0 9 8 140 85 0 0
24 7 50 14 6 18 17 52 0
21 66 0 8 5 140 82 0 0
21 25 0 13 5 11 57 45 0
19 25 53 9 5 11 21 51 0
34 61 0 12 9 19 36 68 0
50 62 60 8 5 13 30 35 0
43 19 111 9 7 20 67 1 0
37 62 183 11 5 13 27 25 0
9 42 128 9 5 10 54 60 0
32 8 89 8 11 21 35 68 0
10 39 56 23 5 12 10 18 0
19 24 0 17 6 12 21 12 0
18 37 108 17 5 9 25 0 0
21 55 153 9 5 30 58 0 0
22 1 0 15 7 9 39 0 0
0 56 98 12 7 21 27 0 0
48 9 327 9 5 9 32 0 0
17 57 56 18 6 18 34 18 0
15 64 112 9 5 20 58 25 0
51 13 48 8 5 18 27 10 0
36 38 257 9 5 10 40 0 0
9 60 171 13 5 32 45 35 0
42 40 42 10 9 9 89 11 0
48 48 0 8 5 23 9 9 0
2 50 32 23 5 20 9 3 0
29 38 99 13 5 10 19 13 0
24 19 89 14 6 20 17 28 0
53 38 99 8 5 10 40 13 0
11 19 89 9 7 20 23 28 0
14 56 162 20 6 21 32 0 0
20 59 0 17 6 6 36 0 0
47 65 0 9 36 57 29 0 0
23 37 0 14 5 9 24 8 0
3 25 0 9 5 11 63 45 0
2 48 32 30 5 23 9 2 0
13 25 0 21 5 11 63 45 0
7 3 0 8 6 21 51 63 0
26 25 0 8 5 11 57 36 0
41 37 0 10 5 9 22 8 0
4 13 85 8 5 18 33 54 0
12 56 37 8 7 21 68 0 0
3 19 293 10 8 20 85 1 0
33 48 0 12 5 23 7 0 0
52 42 63 8 8 10 52 73 0
31 11 0 13 6 14 21 0 0
44 26 0 9 7 8 26 0 0
19 24 0 9 6 12 26 16 0
13 46 153 8 5 39 64 0 0
6 9 71 13 5 9 24 51 0
9 68 383 8 5 67 51 38 0
11 24 167 22 6 12 21 16 0
29 37 99 9 5 9 19 14 0
50 67 60 8 5 24 30 35 0
30 58 97 13 7 8 24 0 0
5 55 0 20 9 30 75 0 0
27 56 162 13 7 21 5 0 0
25 3 0 12 5 21 46 64 0
45 49 52 9 6 14 60 39 0
1 19 0 9 7 20 19 41 0
28 16 0 8 13 54 21 20 0
5 25 0 25 5 11 74 45 0
15 29
7 12
8 12
8 27
12 201
9 23
5 24
6 24
11 28
5 12
12 25
7 18
8 26
5 23
6 43
5 17
13 72
16 44
11 24
8 26
6 8
5 14
64 92
7 32
6 16
5 14
8 10
20 67
16 43
7 29
7 30
6 12
11 28
8 20
9 20
30 167
8 20
5 12
5 13
5 16
9 12
5 10
9 13
7 22
7 25
9 26
25 51
53 60
5 30
6 18
5 26
12 54
8 20
13 18
10 22
18 40
7 28
6 23
8 10
6 8
5 42
10 25
6 17
21 38
12 26
36 76
57 186
9 31
21 89
