46849.9
46389.27587
46389.27587
46254.15651
45697.64863
45697.64863
45573.26484
45234.33316
45044.42896
43835.08416
43824.56487
43200.97324
43200.97324
43200.97324
43129.93814
42778.42081
42778.42081
42420.91596
42189.2095
41838.00497
41745.86745
41504.92762
41122.53836
41122.53836
41122.53836
40775.35568
39746.97039
39621.33025
39169.55478
39352.60402
39352.60402
39049.51726
39012.13392
38908.4467
37744.42037
37744.42037
37744.42037
37714.31481
37714.31481
37690.25587
37683.35436
37660.15031
37660.15031
37550.31481
37496.15031
37246.87459
37246.87459
37231.4988
37162.60452
37162.60452
37162.60452
37162.60452
36733.95301
36733.95301
36728.45301
36728.45301
36728.45301
36728.45301
36728.45301
36728.45301
36728.45301
36728.45301
36707.3419
36707.3419
36576.28245
36576.28245
36576.28245
36576.28245
36576.28245
36576.28245
36576.28245
36576.28245
36388.44362
36388.44362
36321.24917
36255.20229
36255.20229
36255.20229
36255.20229
36255.20229
36255.20229
35918.03669
35918.03669
35918.03669
35918.03669
35918.03669
35918.03669
35918.03669
35918.03669
35896.92558
35875.81447
35875.81447
35875.81447
35827.1276
35827.1276
35827.1276
35827.1276
35827.1276
35806.01649
35806.01649
35806.01649
35806.01649
35806.01649
35784.90538
35784.90538
35806.01649
35781.04427
35806.01649
35806.01649
35644.60601
35644.60601
35644.60601
35644.60601
35644.60601
35644.60601
35644.60601
35644.60601
35546.17744
35546.17744
35546.17744
35323.52585
35323.52585
35323.52585
35323.52585
35323.52585
35323.52585
35289.38256
35066.73098
35066.73098
35066.73098
35066.73098
35066.73098
35066.73098
35066.73098
35066.73098
35038.39985
35038.39985
35038.39985
35045.61987
35045.61987
35045.61987
34927.78361
34927.78361
34927.78361
34927.78361
34927.78361
34835.15203
34835.15203
34817.48135
34817.48135
34817.48135
34493.78361
34493.78361
34493.78361
34493.78361
34493.78361
34493.78361
34493.78361
34493.78361
34493.78361
34354.81469
34354.81469
34354.81469
34354.81469
34354.81469
34332.14802
34332.14802
34332.14802
34311.84887
34197.29422
34197.29422
34197.29422
34197.29422
34197.29422
34045.25893
34045.25893
34045.25893
33911.9256
34045.25893
34045.25893
33392.69199
33392.69199
33392.69199
33392.69199
33392.69199
33102.69199
33102.69199
33102.69199
33005.8031
33005.8031
32845.16093
32788.35241
32788.35241
32788.35241
32788.35241
32788.35241
32788.35241
32788.35241
32788.35241
32788.35241
32788.35241
32788.35241
32788.35241
32760.30626
32603.29084
32603.29084
32603.29084
32603.29084
32603.29084
32603.29084
32484.35241
32484.35241
32484.35241
32484.35241
32484.35241
32484.35241
32292.46818
32402.84639
32402.84639
32402.84639
32402.84639
32402.84639
32402.84639
32402.84639
32402.84639
32402.84639
32402.84639
32402.84639
32402.84639
32299.29084
32299.29084
32299.29084
32299.29084
32299.29084
32299.29084
32299.29084
32276.4337
32100.12087
32100.12087
32100.12087
32100.12087
32100.12087
32100.12087
32100.12087
32100.12087
32100.12087
31949.03015
31949.03015
31949.03015
31949.03015
31949.03015
31949.03015
31949.03015
31949.03015
31949.03015
31882.63155
31882.63155
31882.63155
31873.03015
31873.03015
31873.03015
31545.23831
31545.23831
31545.23831
31545.23831
31545.23831
31545.23831
31545.23831
31545.23831
31545.23831
31545.23831
31545.23831
31545.23831
31545.23831
31545.23831
31545.23831
31545.23831
31545.23831
31545.23831
31545.23831
31545.23831
31545.23831
31545.23831
31545.23831
31513.08447
31513.08447
31513.08447
31513.08447
31234.41565
31545.23831
31545.23831
31469.23831
31469.23831
31234.41565
31234.41565
31234.41565
31234.41565
31234.41565
31234.41565
31234.41565
31234.41565
31234.41565
31234.41565
31158.41565
31158.41565
31158.41565
31158.41565
31158.41565
30670.1113
30670.1113
30670.1113
30670.1113
30670.1113
30670.1113
30670.1113
30670.1113
30670.1113
30670.1113
30531.1113
30108.87611
30108.87611
30108.87611
29969.87611
29830.87611
29830.87611
29830.87611
29830.87611
29830.87611
29830.87611
29830.87611
29830.87611
29830.87611
29830.87611
29830.87611
29830.87611
29691.87611
29830.87611
29735.72226
29691.87611
29691.87611
29615.87611
29615.87611
29615.87611
29615.87611
29615.87611
29615.87611
29615.87611
29615.87611
29615.87611
29615.87611
29615.87611
29615.87611
29615.87611
29615.87611
29615.87611
29615.87611
29615.87611
29615.87611
29615.87611
29615.87611
29615.87611
29615.87611
29615.87611
29615.87611
29615.87611
29615.87611
29615.87611
29615.87611
29615.87611
29615.87611
29615.87611
29615.87611
29615.87611
29615.87611
29615.87611
29615.87611
29615.87611
29615.87611
29615.87611
29615.87611
29615.87611
29615.87611
29615.87611
29615.87611
29615.87611
29615.87611
29615.87611
29615.87611
29615.87611
29615.87611
29615.87611
29615.87611
29615.87611
29615.87611
29615.87611
29615.87611
29615.87611
29615.87611
29615.87611
29615.87611
29615.87611
29615.87611
29615.87611
29615.87611
29615.87611
29615.87611
29615.87611
29615.87611
29615.87611
29615.87611
29615.87611
29615.87611
29615.87611
29615.87611
29615.87611
29615.87611
29615.87611
29615.87611
29615.87611
29615.87611
29615.87611
29615.87611
29615.87611
29615.87611
29615.87611
29615.87611
29615.87611
29615.87611
29615.87611
29615.87611
29615.87611
29615.87611
29615.87611
29615.87611
29615.87611
29615.87611
29615.87611
29615.87611
29615.87611
29615.87611
29615.87611
29615.87611
29615.87611
29615.87611
29615.87611
29615.87611
29615.87611
29615.87611
29615.87611
29615.87611
29615.87611
29615.87611
29152.40308
29615.87611
29615.87611
29615.87611
29615.87611
29615.87611
29615.87611
29615.87611
29615.87611
29615.87611
29615.87611
29615.87611
29615.87611
29615.87611
29615.87611
29615.87611
29615.87611
29615.87611
29615.87611
29615.87611
29615.87611
29615.87611
29615.87611
29615.87611
29615.87611
29615.87611
29615.87611
29615.87611
29615.87611
29615.87611
29615.87611
29615.87611
29615.87611
29615.87611
29615.87611
29615.87611
29615.87611
29615.87611
29615.87611
29615.87611
29615.87611
29615.87611
29615.87611
29615.87611
29615.87611
29615.87611
29615.87611
29615.87611
29615.87611
29615.87611
29615.87611
29615.87611
29615.87611
29615.87611
29615.87611
29615.87611
29615.87611
29615.87611
29615.87611
29615.87611
29615.87611
29615.87611
29615.87611
29615.87611
29615.87611
29615.87611
29615.87611
29615.87611
29615.87611
29615.87611
29615.87611
29615.87611
29615.87611
29615.87611
29615.87611
29615.87611
29615.87611
29615.87611
29615.87611
29615.87611
29615.87611
29615.87611
29615.87611
29615.87611
29615.87611
29615.87611
29615.87611
29615.87611
29615.87611
29615.87611
29615.87611
29615.87611
29615.87611
29615.87611
29615.87611
29615.87611
29615.87611
29615.87611
29615.87611
29615.87611
29615.87611
29615.87611
29615.87611
29615.87611
29615.87611
29615.87611
29615.87611
29615.87611
29615.87611
29615.87611
29615.87611
29615.87611
29615.87611
29615.87611
29615.87611
29615.87611
29615.87611
29615.87611
29615.87611
29584.44753
29584.44753
29584.44753
29584.44753
29584.44753
29584.44753
29584.44753
29584.44753
29584.44753
29584.44753
29584.44753
29584.44753
29584.44753
29584.44753
29584.44753
29584.44753
29584.44753
29584.44753
29584.44753
29584.44753
29584.44753
29584.44753
29584.44753
29584.44753
29584.44753
29584.44753
29584.44753
29584.44753
29584.44753
29584.44753
29584.44753
29584.44753
29584.44753
29584.44753
29584.44753
29584.44753
29584.44753
29584.44753
29584.44753
29584.44753
29584.44753
29584.44753
29584.44753
29584.44753
29584.44753
29584.44753
29584.44753
29584.44753
29584.44753
29584.44753
29584.44753
29584.44753
29584.44753
29584.44753
29584.44753
29584.44753
29584.44753
29584.44753
29584.44753
29584.44753
29584.44753
29584.44753
29584.44753
29584.44753
29584.44753
29584.44753
29584.44753
29584.44753
29584.44753
29584.44753
29584.44753
29584.44753
29584.44753
29584.44753
29584.44753
29584.44753
29584.44753
29584.44753
29584.44753
29584.44753
29584.44753
29584.44753
29584.44753
29584.44753
29584.44753
29584.44753
29584.44753
29584.44753
29584.44753
29584.44753
29584.44753
29584.44753
29584.44753
29584.44753
29584.44753
29584.44753
29584.44753
29584.44753
29584.44753
29584.44753
29584.44753
29584.44753
29584.44753
29584.44753
29584.44753
29584.44753
29584.44753
29584.44753
29584.44753
29584.44753
29584.44753
29584.44753
29584.44753
29584.44753
29584.44753
29584.44753
29584.44753
29584.44753
29584.44753
29584.44753
29584.44753
29584.44753
29584.44753
29584.44753
29584.44753
29584.44753
29584.44753
29584.44753
29584.44753
29584.44753
29529.28087
29529.28087
29529.28087
29529.28087
29529.28087
29584.44753
29584.44753
29584.44753
29584.44753
29584.44753
29584.44753
29584.44753
29584.44753
29584.44753
29584.44753
29584.44753
29584.44753
29584.44753
29584.44753
29584.44753
29584.44753
29584.44753
29584.44753
29584.44753
29584.44753
29584.44753
29584.44753
29584.44753
29584.44753
29584.44753
29584.44753
29584.44753
29584.44753
29584.44753
29584.44753
29584.44753
29584.44753
29584.44753
29584.44753
29584.44753
29584.44753
29584.44753
29584.44753
29584.44753
29584.44753
29584.44753
29584.44753
29584.44753
29584.44753
29584.44753
29584.44753
29584.44753
29584.44753
29584.44753
29584.44753
29584.44753
29584.44753
29584.44753
29584.44753
29584.44753
29584.44753
29584.44753
29584.44753
29584.44753
29584.44753
29584.44753
29584.44753
29584.44753
29584.44753
29584.44753
29584.44753
29584.44753
29584.44753
29584.44753
29584.44753
29584.44753
29584.44753
29584.44753
29584.44753
29584.44753
29584.44753
29584.44753
29584.44753
29584.44753
29584.44753
29584.44753
29584.44753
29584.44753
29584.44753
29584.44753
29584.44753
29584.44753
29584.44753
29584.44753
29584.44753
29584.44753
29584.44753
29584.44753
29584.44753
29584.44753
29584.44753
29584.44753
29584.44753
29584.44753
29584.44753
29584.44753
29584.44753
29584.44753
29584.44753
29584.44753
29584.44753
29584.44753
29584.44753
29584.44753
29584.44753
29584.44753
29584.44753
29584.44753
29584.44753
29584.44753
29584.44753
29584.44753
29584.44753
29584.44753
29584.44753
29584.44753
29584.44753
29584.44753
29584.44753
29584.44753
29584.44753
29584.44753
29584.44753
29584.44753
29584.44753
29584.44753
29584.44753
29584.44753
29584.44753
29584.44753
29584.44753
29584.44753
29584.44753
29584.44753
29584.44753
29584.44753
29584.44753
29584.44753
29584.44753
29584.44753
29584.44753
29584.44753
29584.44753
29584.44753
29584.44753
29584.44753
29584.44753
29584.44753
29584.44753
29584.44753
29584.44753
29584.44753
29584.44753
29584.44753
29584.44753
29584.44753
29584.44753
29584.44753
29584.44753
29584.44753
29584.44753
29584.44753
29584.44753
29584.44753
29584.44753
29584.44753
29584.44753
29584.44753
29584.44753
29584.44753
29584.44753
29584.44753
29584.44753
29584.44753
29584.44753
29584.44753
29584.44753
29584.44753
29584.44753
29584.44753
29584.44753
29584.44753
29584.44753
29584.44753
29584.44753
29584.44753
29584.44753
29584.44753
29584.44753
29584.44753
29584.44753
29584.44753
29584.44753
29584.44753
29584.44753
29584.44753
29584.44753
29584.44753
29584.44753
29584.44753
29584.44753
29584.44753
29584.44753
29584.44753
29584.44753
29584.44753
29584.44753
29584.44753
29584.44753
29584.44753
29584.44753
29584.44753
29584.44753
29584.44753
29584.44753
29584.44753
29584.44753
29584.44753
29584.44753
29584.44753
29584.44753
29584.44753
29584.44753
29584.44753
29584.44753
29584.44753
29584.44753
29584.44753
29584.44753
29584.44753
29584.44753
29584.44753
29584.44753
29584.44753
29584.44753
29584.44753
29584.44753
29584.44753
29584.44753
29584.44753
29584.44753
29584.44753
29584.44753
29584.44753
29584.44753
29584.44753
29584.44753
29584.44753
29584.44753
29584.44753
29584.44753
29584.44753
29584.44753
29584.44753
29584.44753
29584.44753
29584.44753
29584.44753
29584.44753
29584.44753
29584.44753
29584.44753
29584.44753
29584.44753
29584.44753
29584.44753
29584.44753
29584.44753
29584.44753
29584.44753
29584.44753
29584.44753
29584.44753
29584.44753
29584.44753
29584.44753
29584.44753
29584.44753
29584.44753
29584.44753
29584.44753
29584.44753
29584.44753
29584.44753
29584.44753
29584.44753
29584.44753
29584.44753
29584.44753
29584.44753
29584.44753
